data/Layers_WA/alt.asc
NCOLS 376 
NROWS 439 
XLLCORNER -124.708333333333 
YLLCORNER 28 
CELLSIZE 0.0416666666666649 
NODATA_value -3.4e+38 
[rows 33 to 65 of 439, columns 0 to 74 of 376]
-3.4e+38 -3.4e+38 -3.4e+38 -3.4e+38 -3.4e+38 -3.4e+38 -3.4e+38 -3.4e+38 -3.4e+38 -3.4e+38 -3.4e+38 -3.4e+38 -3.4e+38 -3.4e+38 -3.4e+38 -3.4e+38 30 77 184 251 337 377 457 387 598 768 845 629 399 355 311 235 163 132 92 62 53 49 126 130 96 72 120 143 171 193 227 274 372 479 598 720 713 881 998 1100 882 867 1088 1096 1042 1108 1327 1299 1006 1122 1263 975 1275 1344 1361 1417 1392 1150 1002
-3.4e+38 -3.4e+38 -3.4e+38 -3.4e+38 -3.4e+38 -3.4e+38 -3.4e+38 -3.4e+38 -3.4e+38 -3.4e+38 -3.4e+38 -3.4e+38 -3.4e+38 -3.4e+38 -3.4e+38 20 81 76 103 250 384 477 373 481 441 565 690 600 424 379 187 103 117 141 88 58 50 94 250 206 159 117 117 126 124 149 191 274 385 515 623 741 860 943 907 862 788 877 806 961 1062 1216 1242 1079 1146 1130 1356 1060 1178 1288 1459 1537 1450 1217 1151
-3.4e+38 -3.4e+38 -3.4e+38 -3.4e+38 -3.4e+38 -3.4e+38 -3.4e+38 -3.4e+38 -3.4e+38 -3.4e+38 -3.4e+38 -3.4e+38 -3.4e+38 -3.4e+38 -3.4e+38 57 139 47 81 200 311 422 334 401 364 353 348 540 668 418 299 170 100 95 107 76 68 49 75 138 166 131 97 106 119 135 164 225 300 399 462 528 580 564 500 446 791 945 1057 1049 1141 1311 1135 1005 1053 1104 1219 1123 1301 1550 1666 1431 1393 1367 1158
-3.4e+38 -3.4e+38 -3.4e+38 -3.4e+38 -3.4e+38 -3.4e+38 -3.4e+38 -3.4e+38 -3.4e+38 -3.4e+38 -3.4e+38 -3.4e+38 -3.4e+38 -3.4e+38 -3.4e+38 111 154 100 58 74 177 138 188 350 374 532 389 383 445 237 156 127 79 88 94 73 75 62 55 63 94 179 110 106 117 138 176 248 238 283 274 286 380 420 465 529 694 794 981 1192 1038 999 895 783 930 848 977 1278 1393 1596 1669 1511 1466 1337 1173
-3.4e+38 -3.4e+38 -3.4e+38 -3.4e+38 -3.4e+38 -3.4e+38 -3.4e+38 -3.4e+38 -3.4e+38 -3.4e+38 -3.4e+38 -3.4e+38 -3.4e+38 -3.4e+38 -3.4e+38 53 113 130 79 79 109 115 142 166 263 289 466 475 221 179 137 198 194 112 78 65 61 55 56 64 70 93 92 98 121 152 218 212 198 281 475 499 503 489 431 532 737 885 706 1025 739 578 866 977 1118 1233 1275 1250 1409 1820 1685 1543 1401 1217 1201
-3.4e+38 -3.4e+38 -3.4e+38 -3.4e+38 -3.4e+38 -3.4e+38 -3.4e+38 -3.4e+38 -3.4e+38 -3.4e+38 -3.4e+38 -3.4e+38 -3.4e+38 -3.4e+38 -3.4e+38 64 141 99 73 130 144 157 207 217 183 225 243 287 325 208 136 228 402 332 159 105 74 81 61 73 89 74 80 103 125 118 246 336 236 423 540 524 510 651 869 898 1050 1195 880 790 640 881 826 756 810 860 958 1193 1439 2193 1981 1515 1520 1383 1149
-3.4e+38 -3.4e+38 -3.4e+38 -3.4e+38 -3.4e+38 -3.4e+38 -3.4e+38 -3.4e+38 -3.4e+38 -3.4e+38 -3.4e+38 -3.4e+38 -3.4e+38 -3.4e+38 -3.4e+38 43 84 77 39 103 105 149 119 147 155 185 173 243 272 244 196 405 434 264 221 112 73 77 65 67 77 77 80 98 98 103 120 205 409 630 958 991 829 838 890 908 1013 888 989 1086 1054 802 813 1122 1254 1235 869 1230 1428 1938 1818 1435 1557 1193 904
-3.4e+38 -3.4e+38 -3.4e+38 -3.4e+38 -3.4e+38 -3.4e+38 -3.4e+38 -3.4e+38 -3.4e+38 -3.4e+38 -3.4e+38 -3.4e+38 -3.4e+38 -3.4e+38 -3.4e+38 24 34 40 21 75 120 160 192 195 226 283 270 253 232 275 204 226 298 222 104 67 62 66 70 74 79 83 87 90 101 105 156 205 306 498 688 784 787 1078 1051 720 729 784 984 1086 1124 1145 962 1243 1316 1061 898 1310 1509 1759 1636 1443 1120 1073 973
-3.4e+38 -3.4e+38 -3.4e+38 -3.4e+38 -3.4e+38 -3.4e+38 -3.4e+38 -3.4e+38 -3.4e+38 -3.4e+38 -3.4e+38 -3.4e+38 -3.4e+38 -3.4e+38 -3.4e+38 52 56 60 130 231 215 138 159 187 233 266 333 341 321 294 242 158 152 91 73 66 68 69 74 79 85 91 96 101 143 132 154 222 318 543 513 624 805 1012 715 791 940 873 932 1122 1114 1183 1232 1234 1114 1082 1259 1257 1375 1771 1636 1313 1056 913 1153
-3.4e+38 -3.4e+38 -3.4e+38 -3.4e+38 -3.4e+38 -3.4e+38 -3.4e+38 -3.4e+38 -3.4e+38 -3.4e+38 -3.4e+38 -3.4e+38 -3.4e+38 -3.4e+38 -3.4e+38 40 68 172 246 298 228 284 361 282 222 211 344 751 474 338 225 138 82 75 71 68 73 74 75 81 87 129 121 117 160 178 192 240 355 630 802 925 610 554 612 726 631 833 835 874 829 912 1020 1249 1184 1150 1424 1606 1547 1655 1435 1132 966 947 1283
-3.4e+38 -3.4e+38 -3.4e+38 -3.4e+38 -3.4e+38 -3.4e+38 -3.4e+38 -3.4e+38 -3.4e+38 -3.4e+38 -3.4e+38 -3.4e+38 -3.4e+38 -3.4e+38 -3.4e+38 65 77 189 258 311 525 400 444 502 464 428 467 646 617 314 221 151 90 75 74 71 75 77 77 79 83 97 165 206 178 153 181 202 351 564 798 748 402 373 443 557 936 1107 934 1068 1033 850 1213 1291 1163 1174 1371 1590 1816 1676 1331 1042 941 915 1260
-3.4e+38 -3.4e+38 -3.4e+38 -3.4e+38 -3.4e+38 -3.4e+38 -3.4e+38 -3.4e+38 -3.4e+38 -3.4e+38 -3.4e+38 -3.4e+38 -3.4e+38 -3.4e+38 -3.4e+38 29 45 121 276 370 521 459 365 371 638 580 389 400 389 515 307 178 151 80 77 74 79 79 81 82 87 179 318 400 347 193 186 296 330 393 396 461 533 671 704 665 824 1034 891 1040 1233 1064 1301 1287 1105 1110 1296 1454 1576 1445 1291 1070 962 961 1192
-3.4e+38 -3.4e+38 -3.4e+38 -3.4e+38 -3.4e+38 -3.4e+38 -3.4e+38 -3.4e+38 -3.4e+38 -3.4e+38 -3.4e+38 -3.4e+38 -3.4e+38 -3.4e+38 8 58 146 159 147 172 180 237 312 238 361 326 233 179 375 550 317 221 153 84 79 79 82 82 84 86 93 131 182 263 404 320 257 199 224 255 343 372 373 427 454 546 690 728 786 769 1064 1289 1375 1247 1054 1085 1378 1458 1458 1384 1288 1122 1028 1326 1180
-3.4e+38 -3.4e+38 -3.4e+38 -3.4e+38 -3.4e+38 -3.4e+38 -3.4e+38 -3.4e+38 -3.4e+38 -3.4e+38 -3.4e+38 -3.4e+38 -3.4e+38 -3.4e+38 21 135 316 300 205 311 202 166 316 220 160 154 154 247 332 411 348 174 104 86 82 83 85 86 88 90 102 150 151 215 191 204 212 305 414 415 386 517 694 751 843 726 911 1158 1284 1014 1130 1234 1301 1153 1095 1037 1276 1399 1606 1574 1364 1223 1122 1029 998
-3.4e+38 -3.4e+38 -3.4e+38 -3.4e+38 -3.4e+38 -3.4e+38 -3.4e+38 -3.4e+38 -3.4e+38 -3.4e+38 -3.4e+38 -3.4e+38 -3.4e+38 -3.4e+38 110 225 224 157 265 232 146 209 196 232 203 242 298 437 512 338 345 154 111 118 86 86 89 90 92 94 133 268 450 484 366 302 389 349 435 589 770 864 774 887 1097 882 790 978 1253 1088 1125 1122 1204 1096 911 1054 1216 1418 1719 1653 1467 1339 1174 1069 1007
-3.4e+38 -3.4e+38 -3.4e+38 -3.4e+38 -3.4e+38 -3.4e+38 -3.4e+38 -3.4e+38 -3.4e+38 -3.4e+38 -3.4e+38 -3.4e+38 -3.4e+38 -3.4e+38 177 308 277 247 230 231 222 176 226 234 334 309 626 694 572 482 418 251 234 172 92 91 92 95 97 98 107 223 568 521 438 379 446 502 607 674 577 635 779 840 1011 1015 1091 1219 1044 790 849 1246 1049 834 816 1114 1376 1496 1693 1664 1663 1684 1298 1188 1059
-3.4e+38 -3.4e+38 -3.4e+38 -3.4e+38 -3.4e+38 -3.4e+38 -3.4e+38 -3.4e+38 -3.4e+38 -3.4e+38 -3.4e+38 -3.4e+38 -3.4e+38 -3.4e+38 179 278 387 385 441 331 263 291 300 354 334 426 487 462 376 349 437 239 153 115 96 96 97 98 102 105 191 601 753 547 324 280 379 635 530 712 917 909 824 732 741 855 1070 1061 742 698 896 1091 1260 800 915 1142 1486 1568 1578 1726 1799 1595 1495 1380 1205
-3.4e+38 -3.4e+38 -3.4e+38 -3.4e+38 -3.4e+38 -3.4e+38 -3.4e+38 -3.4e+38 -3.4e+38 -3.4e+38 -3.4e+38 -3.4e+38 -3.4e+38 -3.4e+38 159 320 445 408 354 277 236 308 289 277 287 489 422 245 316 349 279 277 221 118 101 100 103 105 108 116 357 700 483 312 238 246 361 413 531 711 785 708 617 581 662 888 839 619 542 601 696 772 742 656 875 1085 1296 1377 1643 1967 2165 1844 1576 1443 1341
-3.4e+38 -3.4e+38 -3.4e+38 -3.4e+38 -3.4e+38 -3.4e+38 -3.4e+38 -3.4e+38 -3.4e+38 -3.4e+38 -3.4e+38 -3.4e+38 -3.4e+38 -3.4e+38 132 282 323 301 203 225 214 266 262 216 288 372 307 316 365 331 227 232 219 137 105 106 109 111 113 120 236 539 291 197 334 431 583 712 620 576 356 371 419 533 717 646 475 526 578 594 863 850 855 830 897 1035 1276 1514 1790 2104 2410 1924 1705 1741 1639
-3.4e+38 -3.4e+38 -3.4e+38 -3.4e+38 -3.4e+38 -3.4e+38 -3.4e+38 -3.4e+38 -3.4e+38 -3.4e+38 -3.4e+38 -3.4e+38 -3.4e+38 -3.4e+38 188 247 268 192 157 212 191 213 189 242 258 206 271 337 321 211 170 208 155 112 113 112 114 119 119 126 257 351 209 414 268 355 516 439 359 382 525 657 520 594 437 483 586 846 1108 657 958 1190 1295 1273 888 1046 1437 1641 1753 1994 2511 2127 2091 2109 1983
-3.4e+38 -3.4e+38 -3.4e+38 -3.4e+38 -3.4e+38 -3.4e+38 -3.4e+38 -3.4e+38 -3.4e+38 -3.4e+38 -3.4e+38 -3.4e+38 -3.4e+38 9 33 81 123 147 184 169 232 215 249 309 339 440 361 293 264 265 166 153 126 118 113 125 118 122 128 132 138 144 170 181 214 240 276 531 738 868 856 787 833 842 697 694 720 802 1041 725 1170 1282 1343 1449 1110 1194 1268 1443 1710 1899 2046 1966 2213 2121 1961
-3.4e+38 -3.4e+38 -3.4e+38 -3.4e+38 -3.4e+38 -3.4e+38 -3.4e+38 -3.4e+38 -3.4e+38 -3.4e+38 -3.4e+38 -3.4e+38 -3.4e+38 12 31 69 82 124 137 158 80 218 260 248 190 281 206 250 268 254 276 219 187 143 143 151 188 218 200 187 161 177 176 300 419 487 552 651 581 547 613 725 830 855 737 893 893 950 1291 1018 810 1079 1249 1405 1413 1317 1347 1530 1713 1764 1698 1710 1920 2051 1840
-3.4e+38 -3.4e+38 -3.4e+38 -3.4e+38 -3.4e+38 -3.4e+38 -3.4e+38 -3.4e+38 -3.4e+38 -3.4e+38 -3.4e+38 -3.4e+38 -3.4e+38 3 14 36 81 149 222 156 251 310 248 276 247 201 257 293 292 301 334 286 232 170 197 182 167 223 311 237 167 175 174 178 268 347 379 399 380 473 494 515 528 572 672 734 835 1218 1347 1342 915 1085 1256 1280 1429 1403 1502 1665 1658 1570 1574 1720 2219 1926 1805
-3.4e+38 -3.4e+38 -3.4e+38 -3.4e+38 -3.4e+38 -3.4e+38 -3.4e+38 -3.4e+38 -3.4e+38 -3.4e+38 -3.4e+38 -3.4e+38 -3.4e+38 12 49 87 130 162 266 322 375 444 484 479 409 216 231 259 267 305 301 320 322 271 194 250 274 300 251 173 161 162 201 266 205 223 288 349 425 662 706 754 858 717 907 1121 1021 1058 1085 1317 1275 1172 1273 1154 1174 1356 1490 1586 1718 1620 1501 1635 1901 1737 1592
-3.4e+38 -3.4e+38 -3.4e+38 -3.4e+38 -3.4e+38 -3.4e+38 -3.4e+38 -3.4e+38 -3.4e+38 -3.4e+38 -3.4e+38 -3.4e+38 -3.4e+38 11 24 46 137 153 214 233 308 351 458 393 309 245 241 254 218 259 275 371 376 366 259 218 314 302 339 258 172 315 336 531 324 279 437 367 362 505 553 752 1155 1154 995 793 783 855 902 1035 1250 1311 1238 1290 1549 1571 1648 1611 1638 1604 1465 1598 1824 1546 1430
-3.4e+38 -3.4e+38 -3.4e+38 -3.4e+38 -3.4e+38 -3.4e+38 -3.4e+38 -3.4e+38 -3.4e+38 -3.4e+38 -3.4e+38 -3.4e+38 -3.4e+38 48 33 56 114 159 173 172 255 289 268 227 257 271 324 362 287 324 270 270 273 313 301 239 331 380 349 254 219 537 698 807 574 355 515 631 407 398 497 745 951 1182 836 702 960 1334 1270 1289 1141 1201 1362 1205 1593 1859 1697 1516 1487 1456 1404 1441 1542 1465 1387
-3.4e+38 -3.4e+38 -3.4e+38 -3.4e+38 -3.4e+38 -3.4e+38 -3.4e+38 -3.4e+38 -3.4e+38 -3.4e+38 -3.4e+38 -3.4e+38 -3.4e+38 41 37 91 180 164 144 197 227 213 177 225 191 204 297 349 327 314 348 350 317 266 271 247 322 332 285 261 239 389 563 614 733 698 607 832 824 669 462 597 792 876 665 721 932 899 1072 1324 1317 1361 1498 1390 1599 1718 1671 1534 1546 1378 1363 1443 1606 1402 1329
-3.4e+38 -3.4e+38 -3.4e+38 -3.4e+38 -3.4e+38 -3.4e+38 -3.4e+38 -3.4e+38 -3.4e+38 -3.4e+38 -3.4e+38 -3.4e+38 25 71 68 93 109 79 104 101 231 214 243 277 307 234 297 275 321 340 324 353 355 322 323 268 297 356 305 245 294 276 314 392 502 757 987 908 904 960 1024 658 475 528 625 792 737 1010 952 869 1179 1334 1621 1587 1674 1762 1683 1587 1448 1376 1402 1463 1470 1350 1308
-3.4e+38 -3.4e+38 -3.4e+38 -3.4e+38 -3.4e+38 -3.4e+38 -3.4e+38 -3.4e+38 -3.4e+38 -3.4e+38 -3.4e+38 -3.4e+38 16 15 38 50 72 180 235 270 274 390 310 346 362 328 333 336 376 321 299 367 322 239 226 212 220 371 362 289 409 315 461 416 473 747 824 694 631 760 1019 927 652 635 470 689 860 899 1228 1299 1263 1578 1677 1672 1694 1860 1747 1594 1445 1406 1343 1350 1333 1313 1340
-3.4e+38 -3.4e+38 -3.4e+38 -3.4e+38 -3.4e+38 -3.4e+38 -3.4e+38 -3.4e+38 -3.4e+38 -3.4e+38 -3.4e+38 -3.4e+38 14 46 49 55 94 110 144 316 395 279 281 232 221 191 191 261 221 212 289 200 212 213 208 229 269 469 407 301 493 463 520 742 501 472 517 658 841 1001 1143 1273 996 771 553 650 876 929 833 1077 1415 1382 1527 1705 1761 1901 1775 1532 1413 1348 1326 1322 1328 1336 1339
-3.4e+38 -3.4e+38 -3.4e+38 -3.4e+38 -3.4e+38 -3.4e+38 -3.4e+38 -3.4e+38 -3.4e+38 -3.4e+38 -3.4e+38 5 77 118 97 148 200 227 290 218 198 188 184 129 162 100 115 118 155 215 246 255 213 209 197 189 241 495 403 502 764 752 506 540 868 607 688 1001 826 984 1138 1270 1039 795 577 857 1051 875 1208 1128 1183 1543 1833 1714 1643 1854 1739 1487 1379 1406 1615 1432 1361 1433 1306
-3.4e+38 -3.4e+38 -3.4e+38 -3.4e+38 -3.4e+38 -3.4e+38 -3.4e+38 -3.4e+38 -3.4e+38 -3.4e+38 -3.4e+38 8 48 57 67 140 262 376 415 451 253 262 258 219 222 229 88 97 241 276 334 364 242 226 151 221 207 352 497 424 550 692 711 541 695 953 610 928 1094 1245 1354 1220 1159 824 655 952 1327 1166 1228 1465 1600 1437 1488 1508 1711 1845 1835 1457 1343 1457 1624 1451 1333 1338 1311
-3.4e+38 -3.4e+38 -3.4e+38 -3.4e+38 -3.4e+38 -3.4e+38 -3.4e+38 -3.4e+38 -3.4e+38 -3.4e+38 -3.4e+38 12 51 34 72 138 225 339 421 468 344 206 317 316 389 377 185 123 128 285 465 481 382 237 199 448 403 379 556 538 646 660 664 733 585 931 825 773 1151 1350 1142 1194 1023 778 877 1388 1565 1562 1516 1441 1617 1890 1816 1697 1577 1511 1586 1434 1468 1822 1621 1601 1404 1326 1316
