data/Layers_WA/alt.asc
NCOLS 376 
NROWS 439 
XLLCORNER -124.708333333333 
YLLCORNER 28 
CELLSIZE 0.0416666666666649 
NODATA_value -3.4e+38 
[rows 0 to 32 of 439, columns 75 to 149 of 376]
-3.4e+38 -3.4e+38 -3.4e+38 -3.4e+38 -3.4e+38 -3.4e+38 -3.4e+38 -3.4e+38 -3.4e+38 -3.4e+38 -3.4e+38 -3.4e+38 -3.4e+38 -3.4e+38 -3.4e+38 -3.4e+38 -3.4e+38 -3.4e+38 -3.4e+38 -3.4e+38 -3.4e+38 -3.4e+38 -3.4e+38 -3.4e+38 -3.4e+38 -3.4e+38 -3.4e+38 -3.4e+38 -3.4e+38 -3.4e+38 -3.4e+38 -3.4e+38 -3.4e+38 -3.4e+38 -3.4e+38 -3.4e+38 -3.4e+38 -3.4e+38 -3.4e+38 -3.4e+38 -3.4e+38 -3.4e+38 -3.4e+38 -3.4e+38 -3.4e+38 -3.4e+38 -3.4e+38 -3.4e+38 -3.4e+38 -3.4e+38 -3.4e+38 -3.4e+38 -3.4e+38 -3.4e+38 -3.4e+38 -3.4e+38 -3.4e+38 -3.4e+38 -3.4e+38 -3.4e+38 -3.4e+38 -3.4e+38 -3.4e+38 -3.4e+38 -3.4e+38 -3.4e+38 -3.4e+38 -3.4e+38 -3.4e+38 -3.4e+38 -3.4e+38 -3.4e+38 -3.4e+38 -3.4e+38 -3.4e+38
-3.4e+38 -3.4e+38 -3.4e+38 -3.4e+38 -3.4e+38 -3.4e+38 -3.4e+38 -3.4e+38 -3.4e+38 -3.4e+38 -3.4e+38 -3.4e+38 -3.4e+38 -3.4e+38 -3.4e+38 -3.4e+38 -3.4e+38 -3.4e+38 -3.4e+38 -3.4e+38 -3.4e+38 -3.4e+38 -3.4e+38 -3.4e+38 -3.4e+38 -3.4e+38 -3.4e+38 -3.4e+38 -3.4e+38 -3.4e+38 -3.4e+38 -3.4e+38 -3.4e+38 -3.4e+38 -3.4e+38 -3.4e+38 -3.4e+38 -3.4e+38 -3.4e+38 -3.4e+38 -3.4e+38 -3.4e+38 -3.4e+38 -3.4e+38 -3.4e+38 -3.4e+38 -3.4e+38 -3.4e+38 -3.4e+38 -3.4e+38 -3.4e+38 -3.4e+38 -3.4e+38 -3.4e+38 -3.4e+38 -3.4e+38 -3.4e+38 -3.4e+38 -3.4e+38 -3.4e+38 -3.4e+38 -3.4e+38 -3.4e+38 -3.4e+38 -3.4e+38 -3.4e+38 -3.4e+38 -3.4e+38 -3.4e+38 -3.4e+38 -3.4e+38 -3.4e+38 -3.4e+38 -3.4e+38 -3.4e+38
-3.4e+38 -3.4e+38 -3.4e+38 -3.4e+38 -3.4e+38 -3.4e+38 -3.4e+38 -3.4e+38 -3.4e+38 -3.4e+38 -3.4e+38 -3.4e+38 -3.4e+38 -3.4e+38 -3.4e+38 -3.4e+38 -3.4e+38 -3.4e+38 -3.4e+38 -3.4e+38 -3.4e+38 -3.4e+38 -3.4e+38 -3.4e+38 -3.4e+38 -3.4e+38 -3.4e+38 -3.4e+38 -3.4e+38 -3.4e+38 -3.4e+38 -3.4e+38 -3.4e+38 -3.4e+38 -3.4e+38 -3.4e+38 -3.4e+38 -3.4e+38 -3.4e+38 -3.4e+38 -3.4e+38 -3.4e+38 -3.4e+38 -3.4e+38 -3.4e+38 -3.4e+38 -3.4e+38 -3.4e+38 -3.4e+38 -3.4e+38 -3.4e+38 -3.4e+38 -3.4e+38 -3.4e+38 -3.4e+38 -3.4e+38 -3.4e+38 -3.4e+38 -3.4e+38 -3.4e+38 -3.4e+38 -3.4e+38 -3.4e+38 -3.4e+38 -3.4e+38 -3.4e+38 -3.4e+38 -3.4e+38 -3.4e+38 -3.4e+38 -3.4e+38 -3.4e+38 -3.4e+38 -3.4e+38 -3.4e+38
-3.4e+38 -3.4e+38 -3.4e+38 -3.4e+38 -3.4e+38 -3.4e+38 -3.4e+38 -3.4e+38 -3.4e+38 -3.4e+38 -3.4e+38 -3.4e+38 -3.4e+38 -3.4e+38 -3.4e+38 -3.4e+38 -3.4e+38 -3.4e+38 -3.4e+38 -3.4e+38 -3.4e+38 -3.4e+38 -3.4e+38 -3.4e+38 -3.4e+38 -3.4e+38 -3.4e+38 -3.4e+38 -3.4e+38 -3.4e+38 -3.4e+38 -3.4e+38 -3.4e+38 -3.4e+38 -3.4e+38 -3.4e+38 -3.4e+38 -3.4e+38 -3.4e+38 -3.4e+38 -3.4e+38 -3.4e+38 -3.4e+38 -3.4e+38 -3.4e+38 -3.4e+38 -3.4e+38 -3.4e+38 -3.4e+38 -3.4e+38 -3.4e+38 -3.4e+38 -3.4e+38 -3.4e+38 -3.4e+38 -3.4e+38 -3.4e+38 -3.4e+38 -3.4e+38 -3.4e+38 -3.4e+38 -3.4e+38 -3.4e+38 -3.4e+38 -3.4e+38 -3.4e+38 -3.4e+38 -3.4e+38 -3.4e+38 -3.4e+38 -3.4e+38 -3.4e+38 -3.4e+38 -3.4e+38 -3.4e+38
-3.4e+38 -3.4e+38 -3.4e+38 -3.4e+38 -3.4e+38 -3.4e+38 -3.4e+38 -3.4e+38 -3.4e+38 -3.4e+38 -3.4e+38 -3.4e+38 -3.4e+38 -3.4e+38 -3.4e+38 -3.4e+38 -3.4e+38 -3.4e+38 -3.4e+38 -3.4e+38 -3.4e+38 -3.4e+38 -3.4e+38 -3.4e+38 -3.4e+38 -3.4e+38 -3.4e+38 -3.4e+38 -3.4e+38 -3.4e+38 -3.4e+38 -3.4e+38 -3.4e+38 -3.4e+38 -3.4e+38 -3.4e+38 -3.4e+38 -3.4e+38 -3.4e+38 -3.4e+38 -3.4e+38 -3.4e+38 -3.4e+38 -3.4e+38 -3.4e+38 -3.4e+38 -3.4e+38 -3.4e+38 -3.4e+38 -3.4e+38 -3.4e+38 -3.4e+38 -3.4e+38 -3.4e+38 -3.4e+38 -3.4e+38 -3.4e+38 -3.4e+38 -3.4e+38 -3.4e+38 -3.4e+38 -3.4e+38 -3.4e+38 -3.4e+38 -3.4e+38 -3.4e+38 -3.4e+38 -3.4e+38 -3.4e+38 -3.4e+38 -3.4e+38 -3.4e+38 -3.4e+38 -3.4e+38 -3.4e+38
-3.4e+38 -3.4e+38 -3.4e+38 -3.4e+38 -3.4e+38 -3.4e+38 -3.4e+38 -3.4e+38 -3.4e+38 -3.4e+38 -3.4e+38 -3.4e+38 -3.4e+38 -3.4e+38 -3.4e+38 -3.4e+38 -3.4e+38 -3.4e+38 -3.4e+38 -3.4e+38 -3.4e+38 -3.4e+38 -3.4e+38 -3.4e+38 -3.4e+38 -3.4e+38 -3.4e+38 -3.4e+38 -3.4e+38 -3.4e+38 -3.4e+38 -3.4e+38 -3.4e+38 -3.4e+38 -3.4e+38 -3.4e+38 -3.4e+38 -3.4e+38 -3.4e+38 -3.4e+38 -3.4e+38 -3.4e+38 -3.4e+38 -3.4e+38 -3.4e+38 -3.4e+38 -3.4e+38 -3.4e+38 -3.4e+38 -3.4e+38 -3.4e+38 -3.4e+38 -3.4e+38 -3.4e+38 -3.4e+38 -3.4e+38 -3.4e+38 -3.4e+38 -3.4e+38 -3.4e+38 -3.4e+38 -3.4e+38 -3.4e+38 -3.4e+38 -3.4e+38 -3.4e+38 -3.4e+38 -3.4e+38 -3.4e+38 -3.4e+38 -3.4e+38 -3.4e+38 -3.4e+38 -3.4e+38 -3.4e+38
-3.4e+38 -3.4e+38 -3.4e+38 -3.4e+38 -3.4e+38 -3.4e+38 -3.4e+38 -3.4e+38 -3.4e+38 -3.4e+38 -3.4e+38 -3.4e+38 -3.4e+38 -3.4e+38 -3.4e+38 -3.4e+38 -3.4e+38 -3.4e+38 -3.4e+38 -3.4e+38 -3.4e+38 -3.4e+38 -3.4e+38 -3.4e+38 -3.4e+38 -3.4e+38 -3.4e+38 -3.4e+38 -3.4e+38 -3.4e+38 -3.4e+38 -3.4e+38 -3.4e+38 -3.4e+38 -3.4e+38 -3.4e+38 -3.4e+38 -3.4e+38 -3.4e+38 -3.4e+38 -3.4e+38 -3.4e+38 -3.4e+38 -3.4e+38 -3.4e+38 -3.4e+38 -3.4e+38 -3.4e+38 -3.4e+38 -3.4e+38 -3.4e+38 -3.4e+38 -3.4e+38 -3.4e+38 -3.4e+38 -3.4e+38 -3.4e+38 -3.4e+38 -3.4e+38 -3.4e+38 -3.4e+38 -3.4e+38 -3.4e+38 -3.4e+38 -3.4e+38 -3.4e+38 -3.4e+38 -3.4e+38 -3.4e+38 -3.4e+38 -3.4e+38 -3.4e+38 -3.4e+38 -3.4e+38 -3.4e+38
-3.4e+38 -3.4e+38 -3.4e+38 -3.4e+38 -3.4e+38 -3.4e+38 -3.4e+38 -3.4e+38 -3.4e+38 -3.4e+38 -3.4e+38 -3.4e+38 -3.4e+38 -3.4e+38 -3.4e+38 -3.4e+38 -3.4e+38 -3.4e+38 -3.4e+38 -3.4e+38 -3.4e+38 -3.4e+38 -3.4e+38 -3.4e+38 -3.4e+38 -3.4e+38 -3.4e+38 -3.4e+38 -3.4e+38 -3.4e+38 -3.4e+38 -3.4e+38 -3.4e+38 -3.4e+38 -3.4e+38 -3.4e+38 -3.4e+38 -3.4e+38 -3.4e+38 -3.4e+38 -3.4e+38 -3.4e+38 -3.4e+38 -3.4e+38 -3.4e+38 -3.4e+38 -3.4e+38 -3.4e+38 -3.4e+38 -3.4e+38 -3.4e+38 -3.4e+38 -3.4e+38 -3.4e+38 -3.4e+38 -3.4e+38 -3.4e+38 -3.4e+38 -3.4e+38 -3.4e+38 -3.4e+38 -3.4e+38 309 409 459 495 519 443 405 326 226 198 186 192 216
-3.4e+38 -3.4e+38 -3.4e+38 -3.4e+38 -3.4e+38 -3.4e+38 -3.4e+38 -3.4e+38 -3.4e+38 -3.4e+38 -3.4e+38 -3.4e+38 -3.4e+38 -3.4e+38 -3.4e+38 -3.4e+38 -3.4e+38 -3.4e+38 -3.4e+38 -3.4e+38 -3.4e+38 -3.4e+38 -3.4e+38 -3.4e+38 -3.4e+38 -3.4e+38 -3.4e+38 -3.4e+38 -3.4e+38 -3.4e+38 -3.4e+38 -3.4e+38 -3.4e+38 -3.4e+38 -3.4e+38 -3.4e+38 -3.4e+38 -3.4e+38 -3.4e+38 -3.4e+38 -3.4e+38 -3.4e+38 -3.4e+38 -3.4e+38 -3.4e+38 -3.4e+38 -3.4e+38 -3.4e+38 -3.4e+38 -3.4e+38 -3.4e+38 -3.4e+38 -3.4e+38 -3.4e+38 -3.4e+38 133 -3.4e+38 -3.4e+38 -3.4e+38 146 202 296 332 397 432 445 493 533 521 537 485 414 405 307 303
-3.4e+38 -3.4e+38 -3.4e+38 -3.4e+38 -3.4e+38 -3.4e+38 -3.4e+38 -3.4e+38 -3.4e+38 -3.4e+38 -3.4e+38 -3.4e+38 -3.4e+38 -3.4e+38 -3.4e+38 -3.4e+38 -3.4e+38 -3.4e+38 -3.4e+38 -3.4e+38 -3.4e+38 -3.4e+38 -3.4e+38 -3.4e+38 -3.4e+38 -3.4e+38 -3.4e+38 -3.4e+38 -3.4e+38 -3.4e+38 -3.4e+38 -3.4e+38 -3.4e+38 -3.4e+38 -3.4e+38 -3.4e+38 -3.4e+38 -3.4e+38 -3.4e+38 -3.4e+38 -3.4e+38 -3.4e+38 -3.4e+38 -3.4e+38 -3.4e+38 -3.4e+38 -3.4e+38 83 90 89 97 128 160 163 138 144 140 140 172 232 270 308 344 400 446 497 503 531 571 580 615 633 628 592 494
-3.4e+38 -3.4e+38 -3.4e+38 -3.4e+38 -3.4e+38 -3.4e+38 -3.4e+38 -3.4e+38 -3.4e+38 -3.4e+38 -3.4e+38 -3.4e+38 -3.4e+38 -3.4e+38 -3.4e+38 -3.4e+38 -3.4e+38 -3.4e+38 -3.4e+38 -3.4e+38 -3.4e+38 -3.4e+38 -3.4e+38 -3.4e+38 -3.4e+38 -3.4e+38 -3.4e+38 -3.4e+38 -3.4e+38 -3.4e+38 -3.4e+38 -3.4e+38 -3.4e+38 -3.4e+38 -3.4e+38 -3.4e+38 -3.4e+38 -3.4e+38 -3.4e+38 -3.4e+38 -3.4e+38 -3.4e+38 -3.4e+38 -3.4e+38 -3.4e+38 83 91 106 114 134 161 188 192 170 141 149 162 183 194 226 266 318 365 401 433 484 511 529 552 565 562 567 585 582 537
-3.4e+38 -3.4e+38 -3.4e+38 -3.4e+38 -3.4e+38 -3.4e+38 -3.4e+38 -3.4e+38 -3.4e+38 -3.4e+38 -3.4e+38 -3.4e+38 -3.4e+38 -3.4e+38 -3.4e+38 -3.4e+38 -3.4e+38 -3.4e+38 -3.4e+38 -3.4e+38 -3.4e+38 -3.4e+38 -3.4e+38 -3.4e+38 -3.4e+38 -3.4e+38 -3.4e+38 -3.4e+38 -3.4e+38 -3.4e+38 -3.4e+38 -3.4e+38 -3.4e+38 -3.4e+38 -3.4e+38 -3.4e+38 -3.4e+38 -3.4e+38 106 107 108 116 116 113 113 122 131 145 163 169 171 174 176 164 170 189 203 210 208 239 274 312 361 407 448 458 474 503 531 544 532 518 524 533 549
-3.4e+38 -3.4e+38 -3.4e+38 -3.4e+38 -3.4e+38 -3.4e+38 -3.4e+38 -3.4e+38 -3.4e+38 -3.4e+38 -3.4e+38 -3.4e+38 -3.4e+38 -3.4e+38 -3.4e+38 -3.4e+38 -3.4e+38 -3.4e+38 -3.4e+38 -3.4e+38 -3.4e+38 -3.4e+38 -3.4e+38 -3.4e+38 -3.4e+38 -3.4e+38 -3.4e+38 -3.4e+38 -3.4e+38 -3.4e+38 -3.4e+38 -3.4e+38 -3.4e+38 -3.4e+38 157 130 148 134 155 156 162 158 177 172 169 172 171 192 193 191 184 179 190 188 190 176 182 214 246 262 292 326 354 384 430 473 494 512 506 502 494 484 477 531 594
-3.4e+38 -3.4e+38 -3.4e+38 -3.4e+38 -3.4e+38 -3.4e+38 -3.4e+38 -3.4e+38 -3.4e+38 -3.4e+38 -3.4e+38 -3.4e+38 -3.4e+38 -3.4e+38 -3.4e+38 -3.4e+38 -3.4e+38 -3.4e+38 -3.4e+38 -3.4e+38 -3.4e+38 -3.4e+38 194 227 216 -3.4e+38 -3.4e+38 -3.4e+38 -3.4e+38 -3.4e+38 -3.4e+38 -3.4e+38 -3.4e+38 158 249 236 203 161 190 182 184 176 181 190 197 201 188 199 215 214 253 254 242 209 203 203 216 218 270 313 319 351 381 398 420 437 461 476 462 450 450 456 499 540 605
209 143 286 167 99 142 154 -3.4e+38 -3.4e+38 -3.4e+38 -3.4e+38 -3.4e+38 -3.4e+38 -3.4e+38 -3.4e+38 -3.4e+38 -3.4e+38 -3.4e+38 -3.4e+38 162 193 339 376 315 213 238 191 222 224 237 303 291 249 230 213 223 190 195 195 215 203 202 204 205 211 222 220 251 258 267 306 308 267 241 241 257 278 288 285 287 324 333 413 470 452 410 400 406 386 407 425 452 490 533 599
238 199 443 435 310 338 494 449 144 -3.4e+38 -3.4e+38 -3.4e+38 124 134 175 136 -3.4e+38 223 278 319 351 389 445 426 356 297 216 326 323 295 333 327 314 275 270 242 214 265 234 236 256 234 245 251 253 253 260 287 296 294 328 316 311 294 390 328 344 368 392 383 395 423 411 389 358 360 365 388 409 418 461 528 615 789 806
407 389 615 667 522 509 451 269 188 77 82 178 204 271 260 293 238 347 353 370 378 405 454 464 422 402 336 248 283 303 299 286 301 295 297 249 271 270 294 265 288 285 314 363 361 305 297 329 343 338 368 357 392 400 429 457 437 476 504 533 544 580 602 524 434 432 388 414 443 482 612 839 988 1073 1068
527 788 924 859 703 592 411 320 314 269 252 237 259 324 310 345 291 421 455 463 477 482 488 476 456 421 373 294 244 292 280 288 327 351 340 293 299 338 323 301 333 347 387 448 394 351 351 367 394 418 446 422 438 520 521 551 560 596 669 687 663 684 619 555 511 486 434 429 490 585 798 998 926 985 1140
588 1059 1130 921 799 588 615 602 480 380 321 315 348 345 391 463 423 319 446 610 590 529 505 475 482 484 477 419 342 256 340 351 336 359 399 387 363 372 379 370 370 414 414 465 451 416 415 454 496 502 583 580 576 608 562 608 626 668 738 792 804 752 716 670 597 524 478 475 533 631 784 755 895 1065 1183
739 1164 1054 877 801 739 675 610 538 450 436 413 399 472 568 678 682 434 562 643 589 555 576 543 567 519 330 338 292 381 359 421 447 441 417 469 450 410 445 472 450 451 514 416 439 484 529 603 687 627 645 747 704 702 709 770 735 791 738 719 803 807 762 704 636 562 544 596 703 863 869 770 999 1046 1213
1010 1291 1149 1075 976 816 703 624 569 516 473 483 541 648 750 791 604 356 688 669 617 634 646 605 626 467 372 556 468 527 442 521 540 562 580 457 541 519 462 503 532 528 512 477 475 482 534 621 681 739 771 783 837 791 802 900 807 867 853 745 775 839 810 764 674 654 670 804 951 1049 945 928 967 971 1149
1173 1464 1365 1120 1008 896 779 696 651 614 589 599 678 780 804 692 485 405 710 686 644 679 717 654 603 352 517 619 688 676 519 628 619 658 710 628 511 584 529 553 595 593 560 548 589 559 583 595 712 830 850 897 944 942 898 869 961 982 922 775 847 904 884 818 770 818 846 879 956 1032 1172 1327 1256 1175 1340
1227 1728 1527 1242 1098 852 780 738 731 731 739 710 782 652 617 425 499 585 679 710 689 704 740 706 567 449 541 590 690 726 654 638 676 729 752 685 565 571 590 617 590 624 665 622 703 672 693 750 670 715 766 815 886 948 1000 921 960 955 907 871 911 959 951 954 963 1016 1196 1341 1171 1319 1312 1361 1306 1288 1364
1542 1377 1362 1311 1054 792 677 610 688 776 796 837 798 541 421 440 606 703 721 736 724 741 767 713 518 453 706 599 726 786 778 811 756 796 765 679 597 692 634 668 704 695 712 744 698 745 798 858 826 824 904 953 898 980 1079 1033 1011 1024 1103 1064 1037 1023 1134 1148 1196 1260 1465 1494 1364 1435 1426 1383 1359 1248 1245
1459 1487 1181 994 809 674 611 542 559 516 576 518 455 369 581 639 645 695 696 716 740 773 769 636 543 593 744 764 826 854 870 896 859 847 822 808 784 674 741 757 783 787 815 817 779 725 801 839 883 940 987 1050 1061 1091 1179 1230 1190 1186 1161 1189 1166 1146 1267 1376 1399 1505 1522 1492 1498 1449 1400 1346 1335 1211 1147
1332 1303 1081 862 729 661 589 537 508 456 420 406 374 442 572 653 688 658 700 739 769 801 784 751 611 557 780 820 883 918 946 922 876 860 860 839 790 761 710 821 911 944 913 949 867 836 864 917 905 962 1072 1182 1314 1283 1394 1454 1341 1341 1294 1356 1329 1293 1157 1131 1262 1386 1430 1432 1446 1435 1428 1445 1406 1298 1178
1086 1033 991 810 705 645 596 538 527 533 527 472 413 552 550 583 623 645 690 765 804 811 791 777 700 618 478 625 622 694 732 797 794 764 791 822 894 930 834 821 864 865 915 983 1015 1039 1072 1068 1025 1045 1098 1128 1253 1443 1457 1612 1566 1555 1507 1465 1399 1273 1130 1084 1107 1175 1281 1293 1338 1345 1372 1391 1450 1455 1376
1003 959 942 816 722 660 620 601 580 560 514 422 476 492 573 636 710 739 751 750 781 800 794 730 622 639 468 525 752 811 730 774 743 799 816 872 926 999 1025 944 1038 1047 992 1019 1040 1096 1129 1167 1207 1236 1267 1257 1411 1495 1538 1574 1566 1523 1480 1444 1372 1246 1092 1027 1065 1122 1172 1258 1363 1403 1445 1467 1458 1480 1499
999 971 967 909 815 715 655 631 606 582 452 583 657 698 707 700 739 786 841 853 815 835 842 751 700 672 554 674 852 829 817 807 843 877 907 948 1033 1101 1115 1139 945 1121 1161 1179 1182 1244 1173 1181 1210 1332 1451 1422 1461 1450 1486 1510 1450 1441 1446 1407 1358 1290 1163 1180 1201 1231 1254 1327 1407 1487 1643 1696 1617 1473 1398
1055 872 879 844 866 992 890 801 756 757 698 527 820 877 867 803 812 877 976 962 887 901 879 807 836 712 511 752 729 749 795 886 964 998 1062 1062 1116 1235 1184 1286 1065 1030 1272 1265 1311 1299 1230 1292 1232 1286 1286 1254 1339 1351 1373 1383 1324 1370 1369 1372 1341 1238 1108 1205 1296 1424 1480 1504 1436 1475 1665 1811 1854 1629 1508
961 829 837 819 885 910 878 875 989 853 750 624 532 791 930 849 893 979 1062 1016 990 918 894 916 944 877 471 938 959 920 961 914 951 997 1134 1122 1146 1230 1311 1203 1159 1308 1306 1340 1309 1301 1250 1281 1295 1195 1157 1131 1125 1162 1195 1117 1191 1260 1196 1286 1106 1053 1040 1173 1139 1113 1163 1454 1558 1634 1599 1650 1740 1746 1583
945 841 806 804 847 800 867 917 1030 968 1046 755 461 836 966 913 959 1014 1035 1010 1016 1026 1034 1041 1019 686 481 977 1108 1059 1094 1141 947 1000 1010 1178 1157 1221 1334 1393 1354 1424 1410 1364 1373 1325 1229 1203 1196 1097 1054 1009 1071 1062 923 821 966 972 1054 1096 1162 1253 1057 1057 1116 1286 1323 1232 1223 1324 1514 1638 1659 1709 1712
908 869 807 796 800 811 841 949 1121 1152 910 559 492 803 950 964 925 939 1006 1021 1013 957 1009 1132 894 624 452 631 705 781 1081 1148 1082 1125 1134 1146 1289 1317 1275 1306 1155 1116 1121 1085 1112 1243 1207 1103 1044 1006 941 851 918 868 855 958 1066 1094 1118 1235 1330 1308 1212 1204 1265 1219 1383 1537 1597 1486 1355 1566 1801 1799 1709
