data/Layers_WA/alt.asc
NCOLS 376 
NROWS 439 
XLLCORNER -124.708333333333 
YLLCORNER 28 
CELLSIZE 0.0416666666666649 
NODATA_value -3.4e+38 
[rows 264 to 296 of 439, columns 150 to 224 of 376]
1094 1096 1226 1295 1448 1397 1169 1192 1181 987 669 622 616 690 850 941 1044 1041 983 957 929 917 848 788 824 882 991 1119 1097 1089 1181 987 929 929 924 938 968 1046 1092 1120 940 898 805 747 811 999 686 533 508 575 576 612 642 812 817 597 348 300 358 431 513 623 803 999 1188 1241 1292 1440 1612 1575 1403 1244 1229 1328 1544
1511 1483 1419 1469 1595 1594 1390 1191 1054 779 687 666 683 781 864 897 924 905 882 886 886 925 938 847 857 932 992 1056 1027 996 981 935 921 921 925 978 998 1039 1179 1160 1047 938 796 723 718 686 536 467 448 475 656 689 762 832 610 543 327 294 335 395 477 589 737 946 1093 1197 1348 1402 1432 1399 1304 1295 1430 1629 1707
1557 1528 1397 1417 1522 1640 1447 1148 913 757 724 700 701 750 805 844 857 861 847 844 852 863 886 985 1013 845 905 977 966 942 980 998 950 1011 967 1047 1111 1000 1018 1047 915 928 854 704 683 646 577 521 498 396 398 585 823 760 477 428 310 286 336 374 451 630 752 891 1021 1162 1319 1287 1212 1155 1149 1259 1514 1693 1624
1273 1328 1334 1321 1641 1498 1177 929 826 783 750 723 714 745 783 794 800 803 819 838 855 841 830 847 874 817 743 808 853 1056 993 911 945 1020 1019 1045 1074 910 855 809 696 753 794 778 814 779 699 606 496 390 339 350 466 542 439 465 358 285 296 349 434 692 876 934 1043 1122 1129 1054 968 967 1078 1276 1574 1599 1557
1313 1275 1289 1305 1339 1117 965 891 836 797 765 736 724 747 764 751 761 774 802 879 878 836 802 777 761 699 664 673 686 762 843 800 879 1024 1088 1105 1097 819 660 578 545 571 639 816 886 858 801 646 574 560 447 432 342 407 455 320 293 287 291 343 400 535 915 907 1154 1200 993 861 827 906 1083 1400 1634 1569 1559
1734 1479 1362 1277 1137 985 881 843 818 790 773 767 766 725 725 732 737 745 772 816 838 811 797 762 720 660 627 620 627 630 675 733 852 1030 1192 1175 1079 810 663 575 524 523 547 641 714 702 696 657 540 536 577 550 353 337 322 309 299 295 310 332 412 478 625 880 941 1032 887 751 777 933 1178 1450 1495 1412 1409
1780 1585 1305 1078 998 913 848 808 792 779 801 801 753 737 704 707 714 725 734 764 775 765 760 746 734 681 640 623 620 622 642 703 781 892 950 929 898 940 919 781 579 536 540 550 583 609 588 522 514 563 526 497 414 355 330 339 319 345 424 438 394 430 519 688 748 741 686 673 798 1003 1313 1402 1471 1260 1171
1552 1367 1144 981 939 888 892 790 774 765 768 760 769 722 697 697 702 718 762 786 792 778 767 757 727 697 676 658 650 669 659 675 714 830 864 803 768 880 1001 876 641 574 552 548 540 528 525 531 701 770 645 555 506 415 370 404 464 556 554 645 531 438 467 522 577 599 622 682 863 1266 1502 1131 1224 1080 1045
1117 1058 975 891 859 859 815 784 788 794 806 772 734 717 695 696 721 764 889 859 856 864 844 808 756 713 696 688 680 679 667 679 697 727 742 765 673 635 687 814 651 582 558 545 535 570 591 647 793 869 820 727 631 513 421 609 690 864 659 688 730 617 474 508 572 693 710 780 968 1389 1447 1035 980 960 945
936 890 845 812 808 780 782 772 781 814 802 754 723 701 696 697 719 787 861 916 886 882 914 909 825 750 725 714 726 732 689 672 673 679 680 648 664 626 595 586 576 565 558 554 547 578 641 695 827 941 979 910 701 582 484 727 792 805 727 801 629 508 510 569 670 781 810 891 1071 1428 1265 973 879 858 837
836 811 780 756 738 728 717 707 699 698 713 707 701 695 694 705 749 793 857 917 908 881 862 857 834 828 812 755 777 772 697 704 717 804 821 740 708 669 645 610 583 572 564 556 548 549 643 626 712 881 1055 903 631 493 410 497 597 766 815 815 705 567 552 663 825 992 1088 1045 1225 1498 1122 896 800 766 739
806 789 772 754 738 725 712 702 695 696 699 702 703 703 703 746 801 835 866 916 949 925 862 832 823 820 826 773 744 736 730 766 790 806 841 914 912 914 895 832 786 806 758 575 548 544 562 564 605 663 744 791 697 538 432 432 514 640 794 767 688 656 663 758 1242 1508 1610 1329 1225 1154 951 808 731 701 671
833 811 780 755 737 722 710 702 702 705 707 711 716 724 811 904 924 902 909 905 918 924 908 855 825 820 787 745 749 767 812 835 878 911 872 911 1009 1065 1114 1146 1220 1215 934 742 655 656 631 595 608 639 676 779 823 668 491 438 523 705 763 857 872 782 830 929 1026 1326 1383 1235 1144 980 855 784 814 949 839
900 847 794 755 733 718 709 708 715 719 721 724 730 741 812 921 921 913 913 905 997 1081 1002 900 836 806 772 816 884 836 921 992 1022 966 925 946 1021 1100 1170 1252 1210 1157 1109 1087 1077 990 860 743 657 659 647 662 660 602 538 522 546 660 669 700 773 794 835 873 957 965 960 1003 951 843 757 862 988 931 721
1043 962 851 776 733 723 721 727 735 736 740 746 751 755 771 868 887 883 907 890 915 1013 1021 906 830 822 786 870 1023 973 1005 1056 1135 1204 1107 1071 1207 1222 1252 1544 1307 1243 1344 1354 1333 1187 1132 1020 874 768 591 604 702 739 697 673 667 597 552 572 633 669 664 823 807 753 740 832 875 741 661 693 714 650 549
1123 1107 1074 1001 881 780 770 773 763 756 760 769 779 801 790 805 827 852 890 879 867 891 953 885 839 844 810 937 1112 1000 998 1048 1122 1192 1033 1057 1246 1389 1266 1283 1475 1207 1262 1425 1403 1205 1168 1134 1064 926 608 609 696 829 836 619 518 478 438 455 515 548 539 535 656 699 583 576 702 694 567 530 501 464 437
877 1028 1156 1119 998 961 845 814 790 781 785 793 804 826 851 827 840 863 885 894 888 885 889 865 862 868 831 969 979 930 947 1023 1056 1283 1191 973 1054 1102 1135 1209 1119 1125 1224 1149 1088 1112 1012 939 1076 892 785 777 800 839 828 612 414 353 331 331 338 329 316 330 339 481 552 425 387 461 491 442 393 369 398
871 1022 1168 1175 1287 1258 1023 904 831 818 824 826 837 851 866 869 886 908 922 935 936 935 926 909 897 895 871 848 896 935 903 1025 1000 1085 1234 1018 902 949 998 1057 1023 1120 1131 1054 1004 920 864 841 894 987 1066 1123 1075 908 776 666 521 417 331 264 225 202 209 230 211 217 241 296 267 229 262 362 332 354 415
761 784 813 875 993 1089 1133 1130 995 962 906 901 908 910 932 943 967 981 990 999 1008 1003 987 968 951 935 912 889 855 895 895 901 1070 1158 1173 943 872 882 914 958 1023 1073 1048 940 927 985 888 890 912 901 991 996 1109 1082 961 849 657 538 446 347 246 193 191 216 194 184 186 201 203 208 233 274 304 484 470
591 674 749 777 905 964 885 978 1121 1276 1122 1172 1086 1074 1064 1092 1126 1119 1106 1090 1107 1088 1066 1046 1018 998 964 926 883 889 910 917 991 1135 951 894 872 880 902 1015 991 939 994 946 859 883 944 864 801 760 815 858 892 965 1008 992 881 709 626 579 526 261 202 191 183 182 183 185 189 202 222 240 311 633 393
542 550 675 802 782 858 909 1052 1167 1374 1238 1345 1487 1287 1237 1332 1424 1430 1335 1270 1250 1204 1168 1141 1092 1065 1023 973 921 889 943 1014 1003 967 916 924 917 914 921 935 952 931 893 882 854 861 861 940 918 712 722 1034 870 825 824 929 884 787 649 543 507 390 288 261 268 202 182 183 197 210 201 208 215 273 305
541 667 1010 1132 1216 1211 1423 1489 1472 1664 1701 1560 1762 1906 1757 1691 1799 1914 1941 1716 1478 1378 1304 1249 1180 1135 1078 1014 955 919 1250 1248 1317 1413 1208 1130 1100 1067 1062 1067 1073 1015 951 902 862 875 833 883 857 756 720 799 882 821 700 681 862 756 854 640 602 596 448 612 584 289 194 186 283 280 193 184 185 201 239
841 825 853 1053 1234 1417 1540 1360 1303 1556 1689 1764 2069 1912 1988 2269 2325 1775 2119 2112 1815 1476 1232 1258 1237 1176 1109 1046 985 1019 1282 1417 1619 1778 1949 1729 1591 1571 1458 1553 1293 1160 1094 1010 958 961 1003 938 856 792 764 750 756 697 626 583 808 856 938 924 827 974 783 789 687 408 262 217 272 300 209 173 170 174 210
412 533 604 813 790 1016 1045 1072 1137 1216 1579 1479 1818 1418 1522 1908 1741 1458 1975 2494 2002 1586 1214 1013 1177 1190 1085 995 1080 1409 1371 1366 1663 1839 2046 2180 2266 2309 2216 1927 1686 1777 1500 1491 1360 1297 1234 1071 933 888 859 785 767 702 614 571 660 845 774 796 686 682 861 873 855 546 378 290 285 353 296 221 177 167 205
310 330 386 476 813 1018 922 1210 1437 1352 1297 1160 1146 844 946 1141 1168 1396 1831 2310 2252 1749 1279 976 1069 1387 1311 1292 1350 1573 1579 1532 1649 1865 2084 2244 2164 2177 2160 2077 2031 2005 1866 1670 1669 1517 1402 1205 1017 936 897 839 808 771 697 642 595 674 664 599 541 526 641 946 807 644 520 413 379 441 424 301 221 172 171
257 261 308 524 603 586 662 907 1329 1311 1006 1085 945 845 577 759 816 1066 1364 1750 2163 1979 1466 1030 826 778 1035 1222 1330 1529 1521 1674 1866 2115 1990 2185 2207 2220 2290 2265 2309 2298 2094 1793 1716 1508 1347 1225 1061 1011 969 900 828 797 738 677 593 559 605 572 517 455 455 614 667 688 929 620 512 562 712 489 322 215 172
220 217 204 229 430 379 371 383 489 766 650 823 778 616 601 786 748 1062 1139 1193 1244 1154 1046 954 645 560 512 568 685 856 951 1264 1539 1699 1584 1742 1790 1852 2075 2425 2547 2552 2354 2025 1737 1469 1287 1254 1143 1059 975 872 779 737 727 677 619 558 547 528 498 456 421 406 399 449 601 754 606 629 791 747 464 281 201
261 220 212 243 160 210 289 260 232 198 165 206 249 264 330 502 520 594 594 573 538 524 488 464 492 462 417 392 377 453 636 849 1020 1019 1313 1762 2269 2555 2470 2436 2325 2390 2282 2018 1669 1452 1316 1211 1157 1042 949 852 784 747 766 714 680 608 586 575 539 472 418 389 376 364 374 412 567 588 680 710 600 385 277
262 261 186 154 147 150 180 180 142 120 106 114 139 170 225 289 329 372 402 400 376 367 366 378 396 388 367 333 323 348 393 482 675 967 1247 1505 2069 2415 2949 2992 2586 2218 1766 1665 1459 1203 1047 1096 1091 1083 1149 1029 1014 1054 1074 930 1042 938 733 784 643 539 446 420 436 434 422 470 515 605 668 697 583 465 354
108 71 58 72 104 109 131 128 111 79 88 99 118 173 254 267 267 280 299 304 295 295 299 313 335 325 307 296 326 359 414 490 643 836 966 1358 1914 2201 2338 2320 1921 1543 1352 1253 1035 872 852 1028 1196 1339 1366 1344 1153 1210 1252 1302 1456 1263 939 1038 983 692 703 566 542 640 734 640 671 619 593 627 655 754 540
41 41 56 51 65 73 68 66 87 74 173 114 120 181 192 249 310 235 234 241 240 243 243 279 339 293 273 357 455 511 478 576 639 731 894 1160 1340 1438 1625 1774 1699 1503 1048 925 770 713 721 1014 959 1226 1430 1501 1479 1392 1286 1322 1353 1321 1153 1122 1015 867 862 718 660 627 670 563 665 650 487 479 702 959 826
17 32 63 51 49 51 45 44 50 63 182 204 228 193 243 304 328 237 189 191 198 204 206 224 259 248 286 459 648 664 677 604 644 692 806 912 1019 1058 1002 1074 1186 1240 1088 758 577 437 402 581 707 897 1047 1265 1412 1444 1361 1385 1347 1308 1164 1051 921 823 825 882 715 570 484 433 417 390 372 379 426 551 806
30 36 29 53 43 33 33 36 38 44 61 103 133 186 213 308 363 345 250 166 172 192 260 237 239 275 370 450 507 512 541 544 595 662 740 794 808 811 715 679 662 572 533 545 420 321 283 295 396 519 762 807 1208 1213 1466 1459 1202 1176 1134 961 743 615 553 685 605 466 453 443 421 380 356 362 362 370 648
