data/Layers_WA/bio10.asc
NCOLS 376 
NROWS 439 
XLLCORNER -124.708333333333 
YLLCORNER 28 
CELLSIZE 0.0416666666666649 
NODATA_value -3.4e+38 
[rows 272 to 305 of 439, columns 154 to 230 of 376]
255 256 259 261 262 262 262 264 265 266 267 268 268 267 262 264 265 265 267 269 273 276 277 278 280 281 282 282 283 281 281 281 288 291 289 281 293 298 300 302 303 301 301 298 289 284 288 295 302 310 316 305 301 289 304 303 300 308 317 316 312 305 304 300 288 258 253 284 288 290 291 293 294 296 296 296 298
256 258 259 261 261 260 261 263 264 265 266 266 266 265 262 260 262 263 262 263 268 273 275 276 276 276 279 281 282 283 284 287 287 290 294 296 297 298 300 301 301 300 297 294 286 278 276 281 297 305 312 297 293 293 299 295 307 315 315 312 306 299 298 293 281 254 268 289 295 297 298 300 302 304 304 303 303
257 259 261 262 262 263 263 263 263 264 264 265 264 263 261 259 259 261 263 264 266 267 269 272 272 273 277 278 278 274 274 280 283 286 289 293 296 297 298 299 300 301 296 298 293 282 270 281 301 310 316 311 306 296 293 294 301 311 312 306 296 285 279 282 270 249 278 294 301 303 305 307 309 309 309 308 305
256 257 259 260 261 262 262 262 262 262 263 262 261 260 259 257 256 258 262 264 265 266 266 270 272 273 274 273 272 272 271 267 268 269 271 276 281 280 284 297 300 301 300 301 300 297 292 289 296 307 315 315 311 304 294 297 303 305 305 300 266 246 238 262 270 276 290 300 305 308 309 312 314 314 313 308 303
254 256 258 259 259 260 260 260 260 261 258 254 254 255 255 256 256 256 258 261 263 264 266 269 270 270 268 267 266 264 267 266 260 256 254 252 247 248 271 285 292 293 295 298 298 297 296 290 287 298 311 315 310 299 296 290 290 297 294 288 282 260 256 268 276 288 296 301 300 291 298 314 317 317 313 304 294
253 255 256 257 258 258 258 258 259 258 256 252 252 253 254 254 250 245 251 257 262 263 266 264 261 264 260 256 254 259 262 262 258 252 248 242 246 252 256 259 260 268 279 288 294 296 297 297 298 302 307 309 309 302 302 301 297 296 293 292 286 287 287 285 289 297 303 296 288 292 306 318 320 317 312 295 283
251 253 254 255 256 256 257 257 257 257 256 253 252 253 252 254 253 247 248 255 260 261 263 259 251 254 252 250 245 240 248 252 242 242 240 218 237 244 236 237 239 252 257 266 278 287 300 300 295 293 297 299 301 306 310 309 306 304 305 295 297 301 302 297 294 304 309 307 307 311 317 322 319 314 306 295 289
244 249 251 252 253 254 254 254 254 253 254 254 253 253 252 253 254 253 251 255 258 258 260 254 243 250 251 249 244 239 252 251 238 227 238 237 223 245 242 230 232 249 253 257 264 275 298 300 295 286 286 302 310 313 316 315 313 311 313 313 306 304 312 313 305 307 315 317 320 322 324 322 315 307 298 291 293
238 241 247 249 251 252 252 252 252 251 250 252 251 251 250 250 251 252 252 254 255 256 258 250 249 253 253 248 247 231 239 255 250 248 247 242 250 250 244 251 257 256 264 271 262 276 286 287 287 285 287 302 315 319 321 322 322 324 325 325 325 317 314 322 324 321 319 323 326 328 326 320 307 294 287 286 295
219 222 236 244 247 249 249 249 249 248 248 248 248 247 247 247 247 248 249 250 251 252 254 254 252 251 253 246 249 244 234 250 259 257 255 252 256 249 250 257 262 269 275 278 274 269 264 261 265 279 290 299 309 315 321 325 328 330 331 330 332 332 331 329 331 334 332 327 329 328 325 318 300 272 267 282 294
236 231 229 230 238 240 243 244 244 244 243 243 242 242 242 242 241 242 243 245 246 247 249 250 252 251 252 252 242 237 237 254 260 260 259 258 254 252 255 264 266 263 272 273 272 274 269 270 262 265 275 285 299 308 314 321 327 331 331 331 333 334 334 334 334 335 334 332 331 321 322 319 310 292 279 274 291
237 236 240 236 230 221 230 227 233 234 235 233 232 232 234 235 234 235 237 239 241 242 244 246 249 249 249 249 246 237 250 255 258 259 259 252 255 260 257 262 270 269 266 274 280 284 281 279 278 274 271 274 283 297 303 307 310 327 330 332 333 333 334 334 335 335 334 334 330 311 326 323 315 297 278 294 291
239 238 237 231 225 213 222 215 206 220 223 217 211 211 218 222 223 226 229 231 234 236 239 242 245 248 246 242 243 246 251 251 253 254 255 256 256 260 264 266 269 270 272 267 270 286 287 265 279 283 285 278 282 290 301 309 311 319 326 328 328 332 334 334 334 334 335 335 335 332 331 327 321 305 295 300 312
219 219 207 204 205 192 190 200 186 177 187 192 184 177 175 190 207 213 218 222 227 231 234 238 242 245 224 225 220 213 229 236 239 243 244 245 246 252 258 263 268 268 272 270 274 282 286 282 277 283 293 295 283 292 286 301 305 306 317 307 309 327 333 334 329 330 335 336 336 336 335 331 326 316 299 311 321
217 207 199 211 215 199 190 185 165 175 171 153 149 185 163 163 182 206 222 220 222 226 230 235 239 237 220 210 196 185 175 191 202 204 213 207 228 240 246 254 259 260 259 265 273 279 282 285 286 291 297 301 287 284 279 281 289 279 294 295 302 321 329 332 330 329 334 336 337 337 336 331 331 325 303 319 327
233 225 226 225 223 219 197 203 181 207 201 175 186 205 171 139 170 197 222 234 224 224 231 236 232 209 213 213 191 180 167 159 155 153 160 178 197 192 214 216 228 234 240 254 266 271 274 281 284 290 298 302 297 284 291 290 299 300 288 288 290 312 323 328 329 326 329 334 336 337 336 330 334 333 326 330 334
230 223 229 216 204 209 213 221 221 236 232 222 221 207 180 150 153 185 216 234 229 209 214 216 212 196 196 199 192 178 165 155 160 160 161 167 171 174 186 201 203 215 226 242 259 266 270 276 280 285 291 296 300 296 298 303 308 309 302 282 293 305 314 321 323 320 322 329 334 337 338 333 333 336 336 336 336
233 234 234 227 208 211 226 222 229 233 242 238 236 226 209 184 159 170 203 229 240 242 229 218 212 199 200 189 176 161 170 158 157 157 154 156 155 157 170 191 198 215 229 240 254 259 264 271 278 282 287 293 300 303 301 304 309 313 314 304 302 301 285 307 315 312 303 318 328 335 337 335 330 328 336 337 337
232 235 236 236 236 230 234 230 233 238 239 235 237 224 220 217 214 219 225 231 245 249 251 249 246 240 236 217 199 189 197 186 183 180 167 147 141 142 154 175 196 218 233 237 247 255 262 272 281 285 287 292 298 303 304 307 309 313 315 317 318 316 307 298 308 308 297 301 320 330 335 334 330 312 325 333 335
232 233 234 236 237 238 239 239 240 240 240 239 240 240 241 242 244 245 247 248 248 250 252 253 254 253 248 241 232 234 215 184 155 138 144 146 154 151 159 176 200 218 230 239 245 255 264 273 280 284 284 289 293 299 301 303 306 311 315 317 319 320 321 319 310 310 304 303 311 325 331 334 332 323 306 326 334
230 232 234 235 236 237 238 238 239 239 239 239 241 242 243 244 246 248 249 250 249 250 251 252 253 253 254 254 249 235 219 202 166 147 117 115 139 161 190 199 215 235 249 247 249 251 248 258 261 260 260 272 265 274 290 287 299 306 313 315 315 316 317 315 313 308 305 303 312 320 327 331 331 320 318 329 333
229 231 232 234 235 235 236 236 237 236 236 237 239 240 242 244 246 247 249 249 249 250 251 252 252 252 252 252 249 242 236 211 175 159 152 153 178 204 219 228 245 259 262 251 240 231 231 234 250 247 245 243 232 249 275 268 273 295 295 306 308 302 297 303 303 306 309 307 306 300 315 327 330 325 322 326 329
228 230 231 232 233 233 233 234 235 235 235 236 237 238 240 242 243 245 247 247 247 248 250 248 246 247 249 248 248 246 238 224 212 207 195 186 192 207 240 251 263 269 271 251 257 238 225 221 224 232 242 241 240 244 258 261 270 282 284 294 299 303 300 308 302 304 315 316 303 285 295 318 328 325 315 314 319
226 228 230 230 231 231 231 232 232 233 233 234 235 236 238 240 241 243 245 246 247 248 247 244 240 241 242 246 246 246 242 238 233 232 236 233 226 224 236 261 276 288 293 283 275 263 253 238 229 228 235 235 240 244 256 266 277 285 286 283 295 305 312 315 317 320 321 322 320 313 296 317 327 330 325 316 298
225 227 228 228 228 229 229 230 230 231 232 232 233 234 236 238 239 241 242 244 245 245 245 244 243 244 245 247 247 247 244 243 244 246 253 257 260 269 273 275 286 296 301 303 297 290 274 272 243 244 227 229 250 253 258 272 289 298 303 295 301 311 313 314 316 319 322 322 323 323 306 319 329 333 331 326 319
224 225 226 227 227 227 227 227 228 229 230 230 232 232 234 236 237 239 240 242 243 243 242 241 243 245 246 246 252 252 248 244 246 244 237 250 256 254 272 281 293 302 306 308 303 301 305 297 289 281 264 245 242 256 260 264 277 295 300 302 303 305 306 305 303 303 295 309 323 327 317 320 331 334 333 331 327
223 224 225 225 224 223 223 225 226 227 228 228 229 230 231 229 235 237 238 238 240 240 241 241 242 245 246 247 252 254 254 248 244 232 222 217 210 179 216 215 257 298 309 312 308 312 310 312 308 300 282 264 251 242 253 255 270 269 269 284 294 297 298 299 296 290 300 318 327 329 326 312 329 334 333 331 328
222 223 223 223 222 221 221 222 223 225 226 226 227 228 229 225 223 231 236 238 238 236 237 237 241 245 246 248 248 245 255 255 243 240 230 218 186 170 132 155 216 280 310 313 315 317 318 318 315 307 310 297 274 256 254 261 259 255 265 276 284 287 290 288 286 284 296 318 326 330 331 331 332 333 333 328 318
221 222 222 222 220 218 219 220 221 223 224 224 225 226 227 227 221 219 229 237 234 232 233 235 242 245 247 245 240 245 253 255 256 256 251 223 204 178 159 161 208 279 297 303 313 316 318 319 321 319 319 317 303 283 272 269 265 263 270 275 270 273 282 279 287 291 297 316 326 329 331 332 333 333 333 324 303
221 -3.4e+38 221 -3.4e+38 219 217 217 217 218 220 221 221 221 223 225 227 223 208 211 226 235 239 237 238 242 243 246 247 246 250 252 254 252 253 252 245 218 201 190 183 214 258 287 275 293 313 317 318 320 321 322 320 315 302 287 281 267 257 269 276 264 259 280 281 294 295 302 318 324 326 328 330 331 332 332 329 323
-3.4e+38 -3.4e+38 -3.4e+38 -3.4e+38 -3.4e+38 216 215 215 215 216 217 217 217 220 222 225 225 220 218 211 220 236 242 241 242 243 245 246 248 249 249 252 246 241 240 232 220 207 209 204 192 214 262 248 277 306 306 315 319 320 320 321 318 312 303 296 295 291 294 296 292 293 301 308 309 311 312 310 312 318 318 324 327 329 331 331 331
-3.4e+38 -3.4e+38 -3.4e+38 -3.4e+38 -3.4e+38 -3.4e+38 213 213 212 212 212 212 214 215 219 222 224 226 222 216 219 225 237 242 239 238 242 245 247 245 240 241 243 235 223 231 222 209 202 212 201 194 235 231 243 279 291 312 316 318 319 320 320 317 309 303 304 309 306 301 300 300 297 300 301 304 307 300 290 297 301 311 322 326 328 330 331
-3.4e+38 -3.4e+38 -3.4e+38 -3.4e+38 -3.4e+38 -3.4e+38 -3.4e+38 -3.4e+38 209 209 210 213 213 213 215 218 221 223 226 224 223 220 217 232 240 239 240 244 246 245 244 241 236 232 223 218 216 217 204 203 210 200 225 229 230 242 244 288 314 317 318 319 320 320 317 314 311 309 294 284 287 293 296 299 302 304 306 300 289 285 288 303 312 321 325 328 329
-3.4e+38 -3.4e+38 -3.4e+38 -3.4e+38 -3.4e+38 -3.4e+38 -3.4e+38 -3.4e+38 -3.4e+38 -3.4e+38 205 208 210 209 211 214 217 220 223 221 220 224 224 226 233 240 242 243 245 245 245 242 238 237 227 221 215 221 219 219 212 209 213 205 209 221 212 238 293 306 317 318 320 320 321 321 319 316 311 296 283 293 300 305 306 305 303 301 292 281 278 290 303 316 321 325 326
