data/Layers_WA/bio10.asc
NCOLS 376 
NROWS 439 
XLLCORNER -124.708333333333 
YLLCORNER 28 
CELLSIZE 0.0416666666666649 
NODATA_value -3.4e+38 
[rows 170 to 203 of 439, columns 154 to 230 of 376]
220 211 182 173 176 183 192 189 180 167 174 178 164 159 168 176 178 172 153 136 140 155 179 178 169 149 117 130 175 195 200 203 202 191 165 155 154 171 179 182 175 158 160 148 161 164 180 178 155 145 159 168 169 182 187 188 188 185 181 177 178 182 179 170 182 170 151 156 149 139 152 166 172 175 174 167 166
215 202 190 193 185 185 193 190 182 177 177 170 167 170 172 174 171 156 139 125 139 157 177 170 155 136 118 146 189 201 203 202 199 183 145 142 157 171 177 180 178 172 164 140 147 156 171 165 136 139 156 169 176 182 186 186 182 179 175 179 183 185 180 180 187 180 164 161 154 146 153 158 167 170 173 174 173
211 195 186 194 192 196 195 187 183 183 185 181 171 173 172 168 159 138 137 144 156 172 171 158 139 123 143 194 202 203 203 200 193 168 140 141 148 158 173 178 176 172 164 147 139 144 162 156 130 145 161 170 177 181 182 175 165 168 170 177 184 185 185 188 188 179 165 162 139 140 148 149 160 166 172 176 179
197 196 190 193 187 199 201 197 194 195 197 196 171 171 172 166 150 130 143 160 167 170 163 147 137 138 186 201 204 203 201 197 186 172 140 123 131 154 172 177 174 169 161 149 133 137 148 151 136 151 163 171 176 179 179 167 152 155 169 175 188 190 188 190 188 182 172 164 147 146 153 149 161 167 171 171 181
198 201 207 194 188 202 207 206 195 194 207 199 164 164 170 165 153 131 148 161 165 163 155 140 122 157 196 203 204 204 201 192 180 160 135 126 132 163 174 173 170 164 156 141 140 155 148 154 147 150 164 171 175 179 179 168 151 154 169 183 190 194 188 188 192 187 173 158 145 151 155 159 169 172 172 178 183
223 224 224 200 201 206 207 212 206 199 212 177 153 162 170 170 157 148 152 160 160 155 141 117 129 174 200 203 205 204 201 185 163 155 140 135 155 170 174 170 167 157 146 132 151 167 160 162 148 148 165 168 174 177 178 171 166 156 165 181 191 196 192 189 195 190 178 162 133 143 152 162 171 178 178 181 184
229 229 228 218 216 208 211 216 218 216 208 166 147 161 174 174 165 149 153 160 155 146 126 111 141 187 199 202 204 202 194 179 163 145 139 143 164 174 174 168 162 155 138 146 161 170 169 165 146 157 162 158 171 176 176 174 174 170 170 175 190 198 195 192 199 192 181 161 121 146 157 166 172 178 181 182 188
229 229 227 226 221 214 218 221 221 210 195 170 162 170 178 178 162 141 149 155 147 131 110 127 141 185 198 202 203 199 191 176 162 151 149 157 171 175 173 164 149 138 141 161 170 173 171 160 156 164 153 145 166 176 175 173 180 179 174 171 189 198 200 202 203 195 180 158 119 135 150 161 173 179 180 178 189
229 228 228 228 224 223 224 224 221 193 163 159 170 176 181 178 166 150 147 152 140 122 98 121 133 159 199 202 203 197 182 162 144 137 154 170 174 175 171 148 128 126 138 167 173 175 166 145 156 166 144 160 165 178 179 179 183 183 178 168 185 192 199 205 206 200 186 156 133 143 166 164 174 177 179 184 193
223 223 228 226 226 223 221 221 212 186 159 150 169 178 184 179 166 151 144 143 144 137 112 116 108 135 197 203 202 193 171 130 95 121 156 171 174 174 163 136 107 127 150 169 175 176 166 144 160 172 165 169 167 178 178 183 186 185 180 169 179 178 191 205 209 207 199 187 180 175 173 168 171 171 181 184 195
207 201 220 224 222 221 216 210 199 190 175 163 171 182 186 178 161 137 142 146 134 130 126 108 117 138 194 201 199 189 165 129 92 112 144 167 173 170 150 134 110 127 155 172 178 174 164 149 169 179 178 166 166 172 181 186 188 184 172 162 169 178 196 207 211 211 208 200 194 187 163 167 175 182 191 195 197
187 183 204 213 205 216 213 205 203 195 193 185 180 188 187 176 158 139 142 145 131 138 138 133 147 154 191 200 195 184 169 147 119 129 138 155 171 173 153 130 113 126 159 176 178 170 157 153 163 177 183 167 165 176 185 189 188 180 156 167 182 183 196 211 213 212 209 206 198 187 176 170 184 193 198 198 198
178 175 177 180 202 211 210 209 206 203 200 193 189 193 188 177 162 145 153 153 134 134 154 148 147 168 195 198 190 172 151 124 133 143 145 161 172 172 150 138 125 145 165 179 179 164 145 138 152 176 188 179 170 182 190 190 187 176 160 172 187 198 207 213 214 214 211 207 190 191 183 175 188 197 200 200 199
170 166 161 165 190 195 204 208 203 198 194 192 189 196 193 184 175 165 166 163 153 151 160 166 152 173 197 195 185 168 141 127 134 141 159 169 172 170 156 147 141 154 169 182 177 160 136 140 137 181 193 184 174 187 192 189 185 172 175 185 198 206 212 215 216 215 214 206 177 177 184 175 186 196 200 201 201
203 195 196 184 182 176 174 197 200 189 182 182 186 193 198 192 181 176 174 159 161 165 172 178 169 176 200 194 178 161 148 155 161 160 165 171 171 167 153 146 161 161 172 182 166 160 162 158 151 192 197 192 191 194 193 179 176 175 174 190 207 214 217 217 217 216 215 197 170 168 178 178 186 189 197 202 202
223 222 221 205 179 165 159 182 194 184 165 165 177 188 198 201 196 195 186 184 173 179 173 179 191 197 198 190 173 154 153 164 174 169 165 169 167 158 144 167 176 170 166 180 175 166 178 184 195 201 200 195 196 196 195 187 179 181 183 203 215 218 218 217 218 217 210 165 161 168 170 171 177 195 198 203 203
220 223 229 228 198 173 155 170 187 184 167 159 170 185 188 195 204 205 203 201 192 193 195 197 202 201 193 179 166 160 162 173 181 175 169 165 156 143 154 176 185 182 177 183 175 175 196 202 203 204 198 183 195 197 197 190 183 185 199 212 218 220 219 218 218 217 207 168 159 155 171 176 186 200 203 204 205
182 197 215 232 222 195 180 172 179 187 186 180 180 183 190 192 197 209 211 209 205 204 207 207 206 198 183 167 152 168 176 183 183 177 165 166 151 162 172 184 189 178 174 168 160 164 199 208 207 204 199 190 195 197 198 192 192 188 205 216 219 220 220 219 218 217 208 180 152 159 171 188 195 201 204 205 206
163 170 191 226 230 217 204 185 168 180 195 199 199 194 197 202 198 201 214 216 215 214 213 210 205 197 186 173 175 181 187 189 175 161 157 159 154 152 174 190 192 179 177 166 164 171 198 208 210 206 200 187 195 196 197 198 196 198 215 220 220 219 219 220 219 214 198 177 166 156 171 193 199 203 205 206 207
195 193 199 218 231 214 184 174 150 157 192 206 209 203 194 203 207 206 211 217 218 217 214 206 199 196 193 188 188 192 192 190 175 156 145 152 146 149 178 192 194 190 184 160 166 174 198 207 210 210 195 185 195 197 199 197 202 211 219 221 220 220 219 219 217 199 174 161 164 173 188 199 203 206 207 208 208
198 192 193 207 229 219 164 148 147 156 195 212 212 203 188 199 209 208 208 217 220 219 213 203 186 177 180 194 196 196 196 192 183 167 154 141 141 156 176 194 195 194 184 160 159 169 198 209 212 213 208 196 186 191 198 190 196 218 220 220 220 220 220 218 206 177 144 143 170 184 194 201 206 208 208 209 209
160 156 175 215 232 232 204 166 171 182 200 212 212 206 188 201 210 207 210 222 222 222 218 206 180 152 171 191 198 199 199 195 189 178 173 168 164 176 179 197 196 197 189 163 164 174 196 211 214 214 213 203 180 197 204 199 205 218 220 221 220 220 218 213 199 171 130 143 177 190 199 204 203 210 210 209 206
165 163 205 228 234 234 223 203 194 187 201 209 210 207 204 207 212 208 217 224 224 224 222 213 195 167 179 190 196 202 199 193 184 175 178 180 184 191 192 201 198 201 193 178 175 185 201 213 216 216 215 208 195 193 202 210 213 218 220 220 220 220 214 204 194 165 131 163 188 200 205 203 206 210 211 208 200
198 187 208 211 214 219 222 214 207 196 193 203 207 203 200 199 210 220 224 226 226 226 224 215 200 182 184 187 195 203 197 186 174 167 177 185 181 195 198 203 202 204 197 186 178 196 208 214 215 216 216 207 193 195 209 216 219 220 220 220 218 211 184 175 174 155 157 183 199 207 207 194 202 210 212 211 204
187 171 203 197 190 207 216 219 222 215 200 193 193 194 182 184 209 225 227 227 227 227 224 216 205 190 188 197 204 205 193 181 170 181 177 192 187 191 201 203 206 206 202 194 183 195 212 215 215 212 211 213 212 218 219 220 220 217 216 213 200 182 155 156 160 160 181 196 206 210 205 206 207 209 208 210 211
205 189 191 197 195 201 213 222 231 222 201 180 181 185 169 197 221 228 229 229 228 226 223 217 207 192 185 201 209 208 201 192 184 185 195 196 184 187 200 205 208 206 203 196 186 189 209 213 213 205 194 205 216 219 220 220 217 211 206 188 165 163 141 165 175 178 195 204 210 211 201 210 212 202 198 203 210
197 176 176 189 210 222 229 232 232 224 195 176 188 197 197 213 228 230 229 225 221 223 221 216 208 198 192 205 213 213 212 206 198 194 201 204 191 191 199 207 209 205 200 189 177 186 203 211 207 192 187 198 213 221 221 220 212 198 194 177 155 139 157 176 180 194 204 208 211 210 203 214 215 209 197 192 201
186 171 150 170 202 226 231 232 232 229 213 207 210 214 221 228 231 227 214 204 207 217 219 215 208 197 199 209 215 215 216 215 210 199 205 208 195 193 202 209 208 203 193 185 178 179 202 208 200 186 185 198 213 222 222 220 212 197 184 168 151 155 179 190 195 204 208 211 213 209 214 216 216 213 206 196 179
183 181 178 191 211 224 229 231 232 229 224 223 225 226 228 230 228 213 179 164 195 208 216 216 209 201 200 211 217 218 218 219 218 213 213 213 209 207 210 211 206 196 179 154 156 185 201 206 201 190 178 193 213 224 223 221 212 192 175 174 159 172 186 194 202 206 210 212 214 212 212 217 217 214 208 197 178
168 182 192 188 183 204 220 225 218 203 217 224 228 230 230 228 220 208 199 186 197 204 217 221 215 201 200 212 219 220 220 221 220 210 213 216 215 214 214 210 198 188 175 156 153 183 198 202 198 190 176 187 212 224 225 222 210 190 174 185 186 194 195 199 202 208 211 211 208 207 217 218 217 214 207 197 178
149 170 189 201 204 203 214 224 221 198 211 219 225 228 227 222 209 195 183 189 212 208 223 228 225 218 213 216 222 222 222 222 222 212 214 218 217 216 215 207 196 183 162 162 151 173 191 198 198 194 183 180 207 223 224 220 207 183 185 198 206 208 208 199 182 206 210 206 197 200 218 219 218 214 205 197 198
137 164 190 209 214 202 207 221 227 210 190 205 218 223 225 223 215 209 198 206 220 227 231 231 230 224 216 220 223 223 223 223 222 221 220 220 219 217 216 211 203 193 187 184 171 165 182 193 198 198 190 173 198 220 222 217 204 192 201 210 215 215 213 199 170 203 207 200 184 198 219 220 219 216 200 195 206
133 164 186 206 216 218 221 225 223 208 176 175 196 207 220 230 232 233 231 228 225 233 232 231 229 227 223 220 224 224 224 223 221 220 220 219 220 220 218 215 209 204 200 194 188 171 174 190 197 201 196 173 193 217 219 213 200 206 212 218 220 220 218 208 181 202 202 192 177 206 219 220 219 218 203 202 213
125 149 188 206 217 221 224 224 206 200 191 167 166 171 209 234 243 245 246 236 222 229 225 225 225 225 222 216 217 223 219 220 216 210 211 216 218 220 219 216 213 209 206 202 197 186 168 180 196 202 204 197 207 216 217 213 205 205 214 220 223 223 223 219 187 199 192 192 195 210 216 219 216 217 218 209 220
