data/Layers_WA/bio13.asc
NCOLS 376 
NROWS 439 
XLLCORNER -124.708333333333 
YLLCORNER 28 
CELLSIZE 0.0416666666666649 
NODATA_value -3.4e+38 
[rows 216 to 251 of 439, columns 162 to 242 of 376]
17 16 16 16 15 20 27 17 15 15 15 17 18 19 21 25 24 20 18 16 15 15 15 16 18 18 19 23 23 24 23 24 24 24 25 26 27 28 29 30 30 30 31 29 29 28 23 22 21 21 21 21 21 21 23 25 25 24 22 20 20 21 23 28 27 27 22 20 19 22 25 28 28 32 32 34 38 32 29 27 28
23 18 17 16 16 16 21 18 15 15 15 16 19 21 26 24 20 17 16 16 15 15 15 16 17 17 18 19 20 22 22 21 22 24 25 26 27 29 30 31 32 32 31 27 28 25 24 22 21 21 22 21 21 22 23 25 26 27 22 20 20 20 23 25 25 25 24 21 19 20 22 24 30 32 32 34 30 26 24 25 30
29 20 17 17 17 16 18 19 17 15 15 15 18 21 23 22 19 17 16 16 16 16 16 16 16 17 17 17 19 21 20 20 21 22 23 24 25 26 29 29 28 31 29 24 22 22 21 23 23 22 25 23 22 22 23 25 25 27 22 20 19 20 23 23 23 23 23 22 20 19 20 23 34 32 30 31 25 22 22 27 27
28 21 17 17 17 17 16 18 20 15 15 15 16 19 21 21 20 18 16 17 18 16 16 16 16 16 17 17 18 19 20 20 20 21 23 24 24 24 24 25 25 28 28 23 21 21 22 23 26 24 23 24 22 23 23 24 25 29 25 21 19 20 21 22 23 23 22 22 22 23 18 20 30 31 28 26 22 21 25 25 24
27 22 20 18 17 17 17 16 21 16 15 15 16 18 19 18 18 17 17 21 21 18 17 17 17 17 17 17 17 18 18 19 20 21 24 27 26 24 23 23 25 26 25 23 21 20 21 23 25 24 22 22 23 24 25 27 30 30 28 24 20 20 20 20 22 22 22 27 22 21 18 18 27 25 24 21 20 24 28 24 24
32 25 26 21 21 17 17 17 22 18 16 15 15 16 16 16 17 18 22 24 21 19 18 17 17 17 17 18 17 18 18 19 21 22 24 28 28 25 23 23 23 25 24 22 21 21 21 22 23 23 22 23 24 26 27 27 30 29 23 23 22 21 21 18 18 18 20 30 25 20 18 17 21 22 21 20 24 25 23 22 21
34 27 25 24 25 20 18 19 23 22 16 16 15 15 15 16 17 20 26 29 25 21 19 18 18 18 18 19 18 17 18 19 20 21 22 26 27 25 23 22 24 27 25 23 21 21 20 21 22 23 23 24 24 26 27 25 26 27 21 20 23 22 20 18 18 18 19 29 30 20 17 16 17 18 19 25 25 22 20 19 19
29 23 23 24 24 25 21 21 29 27 17 16 16 15 15 15 17 23 28 33 27 23 20 19 19 18 19 20 18 17 18 19 20 22 22 23 24 25 23 26 26 27 24 24 22 21 21 21 21 23 23 25 26 25 23 20 23 25 21 18 19 24 19 17 17 17 19 29 33 21 17 16 16 17 21 27 24 20 19 17 20
28 21 20 21 23 27 19 21 35 27 18 18 19 16 15 14 15 18 25 30 31 27 23 21 21 19 21 19 18 17 18 19 19 21 23 25 25 22 23 28 28 28 24 22 24 22 21 21 22 21 22 24 26 24 21 18 19 26 21 18 18 22 24 18 18 18 18 26 33 21 17 16 16 16 21 24 22 19 17 16 19
23 22 21 20 21 21 18 23 36 35 21 28 29 18 15 14 14 15 19 24 24 27 24 20 19 18 18 17 17 18 20 20 19 19 21 23 21 21 23 24 24 26 24 23 23 21 20 21 21 20 21 26 27 25 21 18 17 25 21 18 18 21 24 23 24 22 20 24 34 23 18 16 15 16 22 22 22 20 16 16 19
24 24 23 22 20 20 19 22 26 29 23 29 30 22 17 14 13 13 14 18 19 20 25 20 18 17 17 16 16 18 23 21 18 18 20 22 20 19 21 22 22 22 25 24 22 21 20 19 19 19 20 23 23 26 24 17 17 26 21 18 18 21 27 27 27 25 23 26 37 25 20 17 15 15 19 21 20 19 16 16 18
30 25 24 22 21 20 22 24 20 22 22 30 35 27 18 15 13 12 12 14 18 21 21 22 19 17 17 16 16 16 18 20 17 18 18 21 20 19 19 20 20 21 23 23 22 22 20 19 18 18 20 21 22 26 24 17 16 24 21 18 18 20 25 25 30 28 26 30 39 26 20 17 15 15 16 17 18 17 16 14 16
39 25 24 23 22 21 20 22 19 20 21 29 31 25 17 15 13 12 12 11 14 16 19 19 19 19 17 16 16 16 16 17 17 17 18 19 19 18 18 19 20 22 25 24 23 22 20 19 19 21 23 23 23 23 20 16 16 19 21 19 18 20 22 22 27 30 31 36 36 26 21 18 15 15 15 15 16 16 15 14 15
53 31 24 23 22 21 20 20 20 20 23 24 29 22 17 15 12 12 12 11 12 13 15 15 16 19 19 18 17 16 16 16 16 16 17 17 17 18 18 20 21 22 23 22 22 22 21 21 21 22 23 23 24 21 17 16 15 24 21 18 19 21 24 23 27 33 38 41 34 27 23 19 15 18 17 15 16 14 14 14 14
66 43 26 23 22 21 20 20 21 20 22 23 26 23 18 15 13 12 12 11 11 12 12 13 14 18 21 19 17 16 16 16 15 16 17 16 17 17 18 19 20 20 21 22 22 22 23 23 23 25 24 22 21 18 16 16 17 23 18 17 19 24 25 24 30 40 53 44 35 29 25 20 16 20 21 18 17 15 14 14 14
72 56 43 26 23 22 21 20 20 22 25 24 22 23 18 16 14 13 12 11 11 11 12 12 11 12 16 18 17 16 16 16 15 15 16 16 16 17 18 19 20 21 22 23 22 22 22 23 25 25 25 23 20 18 16 16 17 19 16 16 18 25 24 27 34 48 54 45 38 31 24 19 18 21 21 18 16 15 14 14 14
55 62 60 49 29 30 26 21 21 25 32 29 25 21 18 16 14 13 12 12 11 11 11 10 10 11 12 14 17 17 16 16 15 15 16 16 16 16 17 17 18 19 21 22 22 21 22 22 22 21 21 21 20 17 16 16 16 16 15 16 17 22 24 30 42 50 45 40 38 33 25 19 18 21 20 16 15 15 14 15 16
32 42 49 61 43 36 37 33 26 28 38 37 29 23 19 17 15 14 13 15 17 13 11 10 10 10 11 12 16 20 20 18 15 15 15 15 16 16 16 17 17 17 17 18 19 21 23 23 22 21 21 20 19 18 18 17 16 15 15 16 18 20 24 32 47 45 36 36 36 35 29 19 16 18 17 16 15 15 15 16 18
29 29 32 46 57 45 37 34 37 33 32 33 28 22 21 20 16 15 16 24 25 17 12 10 10 10 11 13 17 19 22 22 16 15 15 15 15 15 16 16 16 16 16 17 18 22 25 26 25 23 23 21 21 21 21 20 18 17 16 16 16 18 21 28 41 37 32 33 36 34 26 18 17 15 15 15 15 15 15 17 19
29 28 28 32 45 46 37 32 31 31 22 20 21 23 27 25 19 17 18 25 26 19 14 11 10 10 10 12 16 20 23 25 20 15 15 15 15 15 15 15 16 16 16 16 18 22 26 34 30 28 26 26 24 25 24 24 23 21 19 17 16 16 18 23 32 29 29 33 36 29 22 18 16 13 14 15 15 15 16 18 19
30 29 27 29 44 50 36 32 30 27 21 18 17 19 29 34 24 22 22 27 27 18 14 12 10 10 10 11 13 17 21 21 22 16 15 15 15 15 15 16 16 17 16 17 19 21 24 30 38 39 33 37 30 29 28 28 30 26 23 20 17 15 16 19 21 24 28 30 32 26 22 18 15 13 14 15 16 16 17 19 20
31 29 29 30 35 46 35 31 29 26 21 18 17 17 19 26 28 35 28 26 27 21 16 12 10 10 10 12 13 14 16 20 25 20 17 15 15 15 14 15 15 18 18 19 22 20 21 24 31 42 39 41 44 37 36 35 33 30 27 23 18 15 15 16 18 22 31 29 24 25 23 17 15 14 16 17 17 18 19 24 23
31 30 31 32 31 32 32 32 31 26 21 18 17 17 17 19 27 36 34 27 29 29 21 14 11 10 9 11 15 15 15 18 19 20 19 18 14 14 14 15 15 16 18 19 20 19 19 21 25 34 40 37 47 55 50 44 39 37 31 27 21 18 16 15 14 15 17 18 18 19 19 17 16 16 18 18 18 21 21 21 19
33 34 41 41 35 32 35 34 33 26 22 22 18 17 16 18 24 31 28 29 36 27 22 15 12 10 9 10 13 21 17 20 19 17 16 16 14 14 14 15 16 16 17 18 20 18 16 18 21 27 36 33 43 55 57 61 48 43 34 26 23 20 18 15 14 13 13 13 13 14 14 14 15 16 18 19 21 25 25 20 18
35 38 52 57 46 38 37 37 31 26 26 29 19 17 16 16 20 23 25 29 41 43 30 16 12 10 9 9 11 21 19 20 20 17 16 15 14 14 14 15 20 19 16 18 17 16 16 17 19 22 26 30 40 54 70 52 45 36 31 28 26 26 18 15 13 13 12 12 12 12 12 12 14 14 16 17 19 22 23 19 17
36 40 54 62 55 57 45 37 31 27 30 35 22 18 16 16 17 20 29 35 47 47 30 18 12 10 9 9 10 23 22 20 21 19 18 16 15 14 14 15 18 20 16 16 16 16 16 16 18 21 26 28 33 45 58 60 49 38 34 34 33 27 20 15 13 13 12 12 11 11 12 14 14 13 13 15 17 17 17 17 18
35 38 43 56 58 63 54 41 35 29 31 40 22 18 16 16 16 16 23 37 58 45 25 18 12 10 9 9 10 18 24 24 22 20 21 17 16 14 14 14 17 21 18 15 16 15 16 16 17 17 21 24 28 35 35 45 38 40 38 34 30 24 19 16 14 13 12 12 11 11 13 16 12 12 12 14 14 14 15 18 17
36 43 43 48 49 54 52 43 38 31 35 50 29 19 16 15 15 14 20 38 55 52 29 19 13 10 9 9 9 13 20 29 25 22 22 20 17 16 15 13 15 19 19 17 15 15 15 15 16 16 18 20 24 26 30 34 37 35 35 26 23 20 18 16 15 13 13 12 12 11 12 14 13 11 11 12 13 12 13 14 14
36 44 41 40 40 39 42 44 41 38 40 54 32 20 16 15 14 14 19 31 46 51 30 19 14 11 9 9 9 11 21 28 27 22 22 20 18 21 16 13 14 17 17 22 17 15 15 15 15 16 17 18 20 21 26 32 31 32 37 27 23 24 18 16 15 14 13 13 12 12 12 12 12 12 12 12 12 12 12 17 18
33 33 36 37 32 31 38 41 43 44 41 49 38 20 17 16 14 14 16 28 42 53 31 21 15 11 9 9 8 10 17 22 25 20 18 17 18 19 17 13 14 18 14 16 21 17 15 15 15 16 16 17 18 19 22 26 27 30 34 31 22 23 19 17 15 15 14 13 13 13 12 12 14 17 16 12 12 12 18 22 22
33 31 32 34 29 29 33 38 39 44 42 40 34 23 17 16 15 14 18 32 40 44 34 24 17 12 10 9 8 14 25 23 23 21 18 16 16 17 16 13 12 16 13 14 20 23 16 14 15 15 16 16 17 18 21 23 25 29 32 33 23 21 19 18 16 15 14 14 14 14 15 15 15 19 20 14 13 13 17 23 27
34 31 34 37 27 23 26 32 35 43 44 39 34 23 18 16 14 14 18 33 39 32 24 21 18 14 11 9 8 9 14 19 20 18 20 18 16 15 14 13 12 13 14 13 17 24 17 15 14 15 15 16 17 18 20 22 24 33 38 36 28 23 20 20 17 16 15 15 17 19 20 18 18 19 19 18 17 13 16 21 27
44 31 35 34 24 21 21 22 25 38 44 41 34 28 19 18 15 14 15 29 30 22 20 17 16 14 12 10 9 8 9 12 13 13 14 16 18 15 13 13 11 11 12 13 15 21 17 15 16 15 15 16 17 17 19 21 24 29 37 38 29 26 22 22 21 19 17 17 19 24 21 18 17 15 16 17 17 13 15 17 23
43 30 28 26 23 21 20 20 22 33 40 42 32 23 18 17 18 14 14 24 29 23 24 19 19 15 13 11 10 9 8 8 9 11 12 14 18 17 12 11 11 10 11 12 13 16 15 16 17 17 16 17 17 17 18 21 24 27 34 31 27 30 26 24 22 20 21 21 21 26 20 15 14 15 15 17 18 16 13 14 20
42 29 25 24 22 21 19 19 19 25 28 32 33 21 16 16 17 20 14 16 20 22 21 18 19 15 12 11 12 14 11 9 8 8 11 14 16 18 13 11 10 10 11 12 15 16 14 16 19 20 20 20 18 16 16 17 20 24 30 28 25 29 27 23 21 21 22 22 24 23 17 14 14 16 17 18 20 14 12 13 17
48 29 24 22 20 19 19 18 18 20 23 28 26 18 16 16 17 23 17 14 18 20 17 15 14 13 13 14 17 17 14 11 8 8 8 11 12 16 13 12 12 11 11 12 14 14 15 18 26 24 24 22 20 17 16 17 17 21 25 29 25 22 22 20 19 20 21 23 24 18 15 14 16 18 20 20 20 15 14 16 17
