data/Layers_WA/bio18.asc
NCOLS 376 
NROWS 439 
XLLCORNER -124.708333333333 
YLLCORNER 28 
CELLSIZE 0.0416666666666649 
NODATA_value -3.4e+38 
[rows 37 to 73 of 439, columns 0 to 81 of 376]
-3.4e+38 -3.4e+38 -3.4e+38 -3.4e+38 -3.4e+38 -3.4e+38 -3.4e+38 -3.4e+38 -3.4e+38 -3.4e+38 -3.4e+38 -3.4e+38 -3.4e+38 -3.4e+38 -3.4e+38 141 145 144 137 135 136 132 130 128 135 132 144 141 106 95 86 89 85 74 70 67 66 65 66 69 71 75 80 84 90 98 108 110 111 122 141 145 145 144 141 147 155 158 149 159 144 134 133 135 143 146 145 138 143 157 148 137 123 105 100 89 81 72 67 60 53 48
-3.4e+38 -3.4e+38 -3.4e+38 -3.4e+38 -3.4e+38 -3.4e+38 -3.4e+38 -3.4e+38 -3.4e+38 -3.4e+38 -3.4e+38 -3.4e+38 -3.4e+38 -3.4e+38 -3.4e+38 138 143 138 133 137 135 133 135 132 123 122 118 117 116 97 85 91 110 98 76 70 66 66 65 69 71 74 78 83 89 93 110 122 114 134 145 144 145 152 161 161 164 168 154 148 138 144 130 124 121 118 118 132 142 164 155 133 128 116 93 76 77 68 61 56 53 48
-3.4e+38 -3.4e+38 -3.4e+38 -3.4e+38 -3.4e+38 -3.4e+38 -3.4e+38 -3.4e+38 -3.4e+38 -3.4e+38 -3.4e+38 -3.4e+38 -3.4e+38 -3.4e+38 -3.4e+38 131 135 133 129 132 129 131 124 121 117 115 107 110 108 99 90 112 113 88 83 69 65 66 65 67 70 74 76 83 86 90 95 106 129 148 167 167 159 159 160 159 162 155 156 156 152 139 129 144 146 142 113 132 140 156 148 126 128 97 76 90 67 66 62 56 52 48
-3.4e+38 -3.4e+38 -3.4e+38 -3.4e+38 -3.4e+38 -3.4e+38 -3.4e+38 -3.4e+38 -3.4e+38 -3.4e+38 -3.4e+38 -3.4e+38 -3.4e+38 -3.4e+38 -3.4e+38 128 128 128 125 128 129 129 128 124 122 122 115 108 101 101 89 89 95 84 71 66 65 65 65 67 70 73 77 81 86 89 96 105 117 136 149 156 155 167 164 151 149 149 153 155 153 151 132 147 149 124 112 135 142 148 140 125 93 86 77 97 73 60 56 53 51 47
-3.4e+38 -3.4e+38 -3.4e+38 -3.4e+38 -3.4e+38 -3.4e+38 -3.4e+38 -3.4e+38 -3.4e+38 -3.4e+38 -3.4e+38 -3.4e+38 -3.4e+38 -3.4e+38 -3.4e+38 130 129 128 132 138 134 125 124 122 120 118 120 115 108 102 91 80 79 72 68 68 65 65 65 67 70 75 77 81 89 91 96 106 117 138 138 145 155 162 150 151 155 151 149 154 150 150 149 145 128 122 134 126 133 147 137 112 86 74 88 90 72 63 55 54 50 48
-3.4e+38 -3.4e+38 -3.4e+38 -3.4e+38 -3.4e+38 -3.4e+38 -3.4e+38 -3.4e+38 -3.4e+38 -3.4e+38 -3.4e+38 -3.4e+38 -3.4e+38 -3.4e+38 -3.4e+38 130 129 135 139 141 134 135 137 126 117 112 119 149 122 105 90 79 73 71 69 68 66 66 67 69 71 78 80 82 89 93 98 106 120 143 153 158 144 141 142 146 141 146 144 143 137 130 129 143 130 125 142 146 141 141 125 94 78 73 94 85 68 62 57 53 50 47
-3.4e+38 -3.4e+38 -3.4e+38 -3.4e+38 -3.4e+38 -3.4e+38 -3.4e+38 -3.4e+38 -3.4e+38 -3.4e+38 -3.4e+38 -3.4e+38 -3.4e+38 -3.4e+38 -3.4e+38 131 130 136 138 139 151 140 140 140 134 127 127 140 135 100 88 79 74 70 70 68 68 69 69 70 71 76 84 91 91 91 97 102 119 137 151 148 128 127 132 137 151 154 145 147 142 127 143 142 125 123 137 144 147 139 113 85 74 68 89 82 70 77 57 50 49 47
-3.4e+38 -3.4e+38 -3.4e+38 -3.4e+38 -3.4e+38 -3.4e+38 -3.4e+38 -3.4e+38 -3.4e+38 -3.4e+38 -3.4e+38 -3.4e+38 -3.4e+38 -3.4e+38 -3.4e+38 127 127 130 137 141 147 141 132 128 144 137 118 115 112 121 96 81 77 71 70 69 69 69 70 71 73 83 100 110 107 95 97 110 115 121 124 130 135 143 143 140 144 148 141 143 146 129 143 140 120 116 125 135 138 127 108 84 72 67 81 78 77 56 51 48 47 46
-3.4e+38 -3.4e+38 -3.4e+38 -3.4e+38 -3.4e+38 -3.4e+38 -3.4e+38 -3.4e+38 -3.4e+38 -3.4e+38 -3.4e+38 -3.4e+38 -3.4e+38 -3.4e+38 125 127 132 130 127 127 125 125 128 120 123 116 105 96 109 122 97 85 77 72 70 69 69 70 71 72 75 80 86 96 112 107 103 100 105 109 118 122 122 127 129 134 138 137 136 129 139 143 145 134 115 113 132 135 132 119 104 85 71 92 76 64 59 52 49 48 47 46
-3.4e+38 -3.4e+38 -3.4e+38 -3.4e+38 -3.4e+38 -3.4e+38 -3.4e+38 -3.4e+38 -3.4e+38 -3.4e+38 -3.4e+38 -3.4e+38 -3.4e+38 -3.4e+38 126 131 139 136 130 132 125 121 124 116 109 103 98 100 103 107 99 81 74 72 71 71 71 71 72 73 76 82 84 92 92 97 98 110 120 121 121 129 139 142 143 138 142 147 149 132 138 138 137 121 114 108 118 127 133 126 109 91 77 65 59 54 52 50 47 48 46 45
-3.4e+38 -3.4e+38 -3.4e+38 -3.4e+38 -3.4e+38 -3.4e+38 -3.4e+38 -3.4e+38 -3.4e+38 -3.4e+38 -3.4e+38 -3.4e+38 -3.4e+38 -3.4e+38 129 134 132 126 130 125 119 120 116 115 108 107 106 113 118 99 97 79 74 74 71 71 71 72 72 75 79 93 111 115 108 104 115 113 121 131 141 144 141 144 149 141 136 138 145 131 134 125 125 118 108 106 110 124 132 126 114 98 79 67 56 51 48 47 47 47 45 46
-3.4e+38 -3.4e+38 -3.4e+38 -3.4e+38 -3.4e+38 -3.4e+38 -3.4e+38 -3.4e+38 -3.4e+38 -3.4e+38 -3.4e+38 -3.4e+38 -3.4e+38 -3.4e+38 131 136 132 129 127 124 120 116 115 112 114 109 129 133 120 111 102 86 83 77 71 71 72 72 74 75 78 89 120 117 114 111 117 122 131 135 130 132 137 140 143 142 141 142 129 124 120 132 117 109 105 106 118 124 127 123 119 116 89 74 60 52 48 47 46 46 45 48
-3.4e+38 -3.4e+38 -3.4e+38 -3.4e+38 -3.4e+38 -3.4e+38 -3.4e+38 -3.4e+38 -3.4e+38 -3.4e+38 -3.4e+38 -3.4e+38 -3.4e+38 -3.4e+38 129 133 136 133 134 127 120 119 116 116 111 115 116 112 103 98 104 85 77 73 71 71 72 72 74 77 84 120 133 120 104 104 112 130 125 135 142 141 137 134 134 134 137 136 125 121 120 120 122 109 103 105 122 123 120 122 121 109 101 89 70 60 53 48 46 47 46 45
-3.4e+38 -3.4e+38 -3.4e+38 -3.4e+38 -3.4e+38 -3.4e+38 -3.4e+38 -3.4e+38 -3.4e+38 -3.4e+38 -3.4e+38 -3.4e+38 -3.4e+38 -3.4e+38 126 132 136 132 127 121 117 117 114 110 107 117 110 95 96 97 89 86 80 71 70 71 72 73 75 77 99 126 112 100 98 101 111 116 124 132 135 132 128 127 129 133 129 122 120 118 116 115 112 106 101 101 108 108 119 129 133 117 103 90 79 67 57 51 50 47 46 45
-3.4e+38 -3.4e+38 -3.4e+38 -3.4e+38 -3.4e+38 -3.4e+38 -3.4e+38 -3.4e+38 -3.4e+38 -3.4e+38 -3.4e+38 -3.4e+38 -3.4e+38 -3.4e+38 124 128 128 124 118 116 113 113 110 104 105 108 100 98 98 93 83 81 79 72 70 71 72 74 77 78 89 114 97 93 105 113 123 130 126 125 115 115 117 122 128 123 118 117 116 115 116 112 109 103 99 97 104 112 121 131 140 118 105 102 93 81 67 57 52 49 47 46
-3.4e+38 -3.4e+38 -3.4e+38 -3.4e+38 -3.4e+38 -3.4e+38 -3.4e+38 -3.4e+38 -3.4e+38 -3.4e+38 -3.4e+38 -3.4e+38 -3.4e+38 -3.4e+38 124 124 123 117 114 113 110 108 104 104 101 95 95 98 94 84 79 80 73 69 69 71 72 74 77 78 89 99 92 107 100 108 117 115 113 115 121 126 120 122 115 117 118 119 120 113 113 114 115 111 97 94 108 115 116 124 143 125 121 119 110 98 81 65 56 52 49 49
-3.4e+38 -3.4e+38 -3.4e+38 -3.4e+38 -3.4e+38 -3.4e+38 -3.4e+38 -3.4e+38 -3.4e+38 -3.4e+38 -3.4e+38 -3.4e+38 -3.4e+38 115 116 116 115 113 113 109 109 105 105 105 104 108 99 94 89 86 77 74 72 69 70 71 72 74 77 78 81 84 88 91 97 100 105 118 126 131 130 128 128 127 120 117 117 116 115 111 114 115 113 117 99 97 97 102 113 117 121 115 124 117 106 98 92 73 62 54 52 49
-3.4e+38 -3.4e+38 -3.4e+38 -3.4e+38 -3.4e+38 -3.4e+38 -3.4e+38 -3.4e+38 -3.4e+38 -3.4e+38 -3.4e+38 -3.4e+38 -3.4e+38 115 114 113 111 110 108 105 100 104 103 99 93 95 88 89 89 85 85 80 75 72 72 73 77 80 81 82 82 85 88 99 108 113 117 121 119 118 120 123 125 120 117 117 115 114 124 111 105 106 106 109 107 100 98 104 109 108 101 99 107 112 98 91 85 74 64 56 52 52
-3.4e+38 -3.4e+38 -3.4e+38 -3.4e+38 -3.4e+38 -3.4e+38 -3.4e+38 -3.4e+38 -3.4e+38 -3.4e+38 -3.4e+38 -3.4e+38 -3.4e+38 111 111 109 109 108 109 104 105 106 100 99 95 90 90 90 88 88 88 83 79 73 75 75 74 80 89 84 82 84 87 90 98 104 108 109 109 113 114 114 112 112 114 112 111 116 122 115 104 104 106 103 105 101 103 107 104 98 95 97 120 102 93 87 85 74 61 57 54 54
-3.4e+38 -3.4e+38 -3.4e+38 -3.4e+38 -3.4e+38 -3.4e+38 -3.4e+38 -3.4e+38 -3.4e+38 -3.4e+38 -3.4e+38 -3.4e+38 -3.4e+38 110 111 110 108 107 108 108 110 110 110 108 102 89 87 87 85 86 84 85 85 80 75 79 83 85 84 81 81 83 88 96 93 96 101 106 109 118 119 119 116 113 114 115 112 110 108 112 107 102 103 96 94 97 99 101 104 98 89 93 102 95 84 85 81 70 60 59 59 58
-3.4e+38 -3.4e+38 -3.4e+38 -3.4e+38 -3.4e+38 -3.4e+38 -3.4e+38 -3.4e+38 -3.4e+38 -3.4e+38 -3.4e+38 -3.4e+38 -3.4e+38 107 107 106 107 104 104 102 103 103 106 101 94 88 86 85 82 82 82 88 87 87 79 78 85 85 89 86 81 93 97 109 99 97 107 104 104 111 109 112 125 124 112 108 106 105 103 103 106 105 100 97 104 103 104 99 98 94 84 90 95 81 73 72 70 64 58 60 61 63
-3.4e+38 -3.4e+38 -3.4e+38 -3.4e+38 -3.4e+38 -3.4e+38 -3.4e+38 -3.4e+38 -3.4e+38 -3.4e+38 -3.4e+38 -3.4e+38 -3.4e+38 106 103 103 103 101 100 98 99 98 95 90 90 88 90 90 84 85 81 80 80 82 82 78 85 90 89 85 85 107 116 120 111 101 109 113 104 104 104 109 111 122 108 103 106 116 107 107 101 100 101 93 105 113 104 93 88 85 79 79 82 75 69 65 63 60 58 60 64 69
-3.4e+38 -3.4e+38 -3.4e+38 -3.4e+38 -3.4e+38 -3.4e+38 -3.4e+38 -3.4e+38 -3.4e+38 -3.4e+38 -3.4e+38 -3.4e+38 -3.4e+38 103 102 102 102 99 95 96 95 92 87 87 84 83 86 88 85 84 84 84 81 79 79 79 85 86 84 84 85 97 107 111 116 115 111 119 117 112 104 103 106 106 101 101 103 101 101 105 102 100 102 96 102 105 99 91 90 79 75 77 83 69 65 63 60 59 57 60 64 70
-3.4e+38 -3.4e+38 -3.4e+38 -3.4e+38 -3.4e+38 -3.4e+38 -3.4e+38 -3.4e+38 -3.4e+38 -3.4e+38 -3.4e+38 -3.4e+38 101 102 99 98 97 94 91 90 93 90 90 89 88 82 85 82 84 84 82 84 84 82 82 79 82 88 85 82 89 90 93 99 105 115 120 119 117 117 117 102 97 97 98 100 98 100 97 94 96 97 106 100 104 104 97 92 82 77 75 75 74 66 62 61 59 57 56 59 63 72
-3.4e+38 -3.4e+38 -3.4e+38 -3.4e+38 -3.4e+38 -3.4e+38 -3.4e+38 -3.4e+38 -3.4e+38 -3.4e+38 -3.4e+38 -3.4e+38 98 97 94 94 92 95 95 94 93 95 91 90 89 86 85 85 85 81 80 84 81 76 75 75 76 88 89 86 96 92 100 99 102 112 115 104 102 104 108 105 98 96 92 96 97 96 100 99 96 105 106 102 101 106 99 89 80 75 70 68 66 63 62 60 59 56 56 59 66 77
-3.4e+38 -3.4e+38 -3.4e+38 -3.4e+38 -3.4e+38 -3.4e+38 -3.4e+38 -3.4e+38 -3.4e+38 -3.4e+38 -3.4e+38 -3.4e+38 94 94 93 91 91 90 90 94 95 89 87 83 82 78 76 79 75 74 78 72 72 72 74 75 79 93 92 86 99 99 101 111 102 101 98 101 104 114 115 117 103 98 92 94 95 94 91 93 97 94 96 102 101 106 97 85 76 72 68 67 64 63 62 59 58 56 56 59 65 74
-3.4e+38 -3.4e+38 -3.4e+38 -3.4e+38 -3.4e+38 -3.4e+38 -3.4e+38 -3.4e+38 -3.4e+38 -3.4e+38 -3.4e+38 93 94 94 92 92 92 91 93 87 86 83 81 76 76 72 71 70 71 73 74 74 72 72 72 72 76 94 91 97 108 108 101 103 112 104 99 113 101 111 112 114 101 96 91 94 96 91 95 92 90 100 108 101 95 102 94 80 74 73 81 69 64 67 59 58 58 55 56 59 61 66
-3.4e+38 -3.4e+38 -3.4e+38 -3.4e+38 -3.4e+38 -3.4e+38 -3.4e+38 -3.4e+38 -3.4e+38 -3.4e+38 -3.4e+38 90 90 89 88 89 93 95 95 96 85 83 82 78 77 76 68 67 74 75 78 80 73 72 68 74 75 86 94 93 99 105 106 101 107 111 97 110 112 115 115 111 101 95 90 93 98 94 93 100 101 91 91 88 96 100 97 77 70 73 79 69 63 60 59 58 56 55 57 59 60 62
-3.4e+38 -3.4e+38 -3.4e+38 -3.4e+38 -3.4e+38 -3.4e+38 -3.4e+38 -3.4e+38 -3.4e+38 -3.4e+38 -3.4e+38 89 89 86 86 87 89 90 94 94 86 79 83 81 83 82 71 67 67 74 85 85 80 72 71 87 84 87 95 97 102 102 103 104 94 109 98 98 111 115 109 108 97 92 93 104 107 105 102 94 101 109 103 96 88 83 83 75 74 88 77 74 63 59 58 56 55 55 55 57 59 62
-3.4e+38 -3.4e+38 -3.4e+38 -3.4e+38 -3.4e+38 -3.4e+38 -3.4e+38 -3.4e+38 -3.4e+38 -3.4e+38 -3.4e+38 86 87 86 87 86 89 89 94 86 83 79 83 83 90 85 74 67 69 77 77 81 74 71 76 77 84 90 101 98 102 106 109 112 109 109 98 98 107 96 95 95 95 93 89 92 90 87 87 98 105 120 107 99 97 83 77 83 71 70 70 69 61 59 58 56 55 55 55 57 59 58
-3.4e+38 -3.4e+38 -3.4e+38 -3.4e+38 -3.4e+38 -3.4e+38 -3.4e+38 -3.4e+38 -3.4e+38 -3.4e+38 85 85 83 84 88 85 84 86 85 85 86 85 79 75 78 78 74 71 69 68 75 70 69 67 70 70 78 81 88 90 98 102 107 104 105 105 94 94 95 95 92 93 102 96 89 88 86 86 87 82 88 101 98 90 85 78 74 73 77 66 64 61 61 61 57 56 56 55 55 56 56 56
-3.4e+38 -3.4e+38 -3.4e+38 -3.4e+38 -3.4e+38 -3.4e+38 -3.4e+38 -3.4e+38 -3.4e+38 -3.4e+38 83 81 82 82 84 82 79 79 79 85 86 86 85 81 79 74 68 65 74 82 70 68 66 65 66 70 75 78 85 92 99 104 101 90 92 103 92 104 95 91 88 90 99 104 99 98 85 99 98 94 84 94 97 96 85 79 72 72 68 65 63 61 59 58 56 57 56 57 57 58 58 56
-3.4e+38 -3.4e+38 -3.4e+38 -3.4e+38 -3.4e+38 -3.4e+38 -3.4e+38 -3.4e+38 -3.4e+38 83 82 80 81 81 82 78 81 79 82 81 86 82 82 82 85 75 69 71 67 77 64 61 61 64 67 68 75 80 86 95 98 98 86 97 89 91 89 92 91 88 88 89 102 102 103 102 86 94 98 94 93 94 98 102 93 80 74 72 67 64 61 60 58 61 65 66 65 65 66 64 61 58
-3.4e+38 -3.4e+38 -3.4e+38 -3.4e+38 -3.4e+38 -3.4e+38 -3.4e+38 -3.4e+38 85 83 83 80 77 77 78 76 79 81 79 79 76 75 75 75 81 78 75 71 67 59 61 63 64 66 73 76 78 82 84 94 92 83 94 101 100 88 88 85 87 88 89 97 95 85 98 94 96 90 83 79 87 93 90 85 86 76 77 70 67 63 61 60 66 73 70 67 68 68 72 70 69 66
-3.4e+38 -3.4e+38 -3.4e+38 -3.4e+38 -3.4e+38 -3.4e+38 -3.4e+38 88 87 83 83 80 78 77 78 81 79 79 78 82 79 75 75 75 76 76 81 78 71 60 60 63 60 64 63 69 70 71 68 81 78 80 82 85 85 85 85 87 84 87 85 85 83 84 84 84 80 78 81 87 78 78 75 77 89 88 89 77 68 63 61 73 74 71 69 67 67 68 64 69 73 73
-3.4e+38 -3.4e+38 -3.4e+38 -3.4e+38 -3.4e+38 -3.4e+38 -3.4e+38 85 87 82 82 79 79 76 83 77 75 77 78 82 78 73 80 76 82 82 83 81 68 58 56 56 60 67 65 68 68 67 74 72 78 91 83 83 93 98 96 95 84 84 83 83 81 81 80 80 84 80 82 85 77 76 81 88 84 90 85 80 72 63 59 69 72 69 67 65 64 61 61 68 69 68
-3.4e+38 -3.4e+38 -3.4e+38 -3.4e+38 -3.4e+38 -3.4e+38 -3.4e+38 85 85 84 81 79 79 77 76 74 74 75 75 78 82 80 84 85 79 79 81 78 61 57 58 54 56 60 64 65 68 73 78 74 74 77 79 80 81 92 93 92 94 91 95 90 81 81 80 78 78 87 80 79 82 81 87 97 98 87 84 76 69 60 59 65 65 66 63 64 64 60 58 62 70 70
