data/Layers_WA/bio12.asc
NCOLS 376 
NROWS 439 
XLLCORNER -124.708333333333 
YLLCORNER 28 
CELLSIZE 0.0416666666666649 
NODATA_value -3.4e+38 
[rows 170 to 203 of 439, columns 77 to 153 of 376]
606 628 676 748 867 941 1048 1073 1133 1276 1323 1391 1377 1341 1354 1403 1511 1421 1347 1524 1562 1558 1537 1440 1396 1302 1253 1194 1153 1115 1013 958 877 772 684 615 554 534 780 664 348 263 242 225 225 225 208 279 399 276 249 201 151 145 140 147 146 133 128 136 151 141 146 149 145 128 122 123 129 127 129 146 135 128 145 144 129
579 601 633 707 768 838 971 1031 1099 1214 1222 1227 1274 1282 1333 1291 1464 1564 1615 1624 1654 1592 1555 1450 1396 1331 1267 1209 1162 1105 1070 970 855 769 688 617 555 563 784 698 382 272 249 245 268 300 244 324 428 302 295 222 154 149 140 136 132 130 129 127 128 128 128 135 134 128 121 120 120 127 134 144 149 145 166 162 135
560 580 604 642 708 769 870 955 1022 1089 1145 1179 1205 1204 1236 1301 1433 1509 1600 1519 1465 1568 1550 1479 1414 1342 1268 1203 1155 1115 1094 998 855 774 694 619 558 584 678 463 339 266 245 274 345 358 309 344 392 280 234 181 177 150 142 137 134 130 128 128 126 126 125 132 136 129 127 122 121 121 128 135 138 143 162 182 137
548 566 587 620 677 738 850 929 1007 1011 1046 1127 1184 1185 1160 1203 1332 1451 1422 1271 1442 1560 1536 1431 1409 1337 1246 1209 1139 1134 1116 1072 880 784 704 633 568 644 828 552 301 251 259 259 304 334 400 392 441 251 207 220 176 164 144 138 135 133 128 130 133 132 125 124 128 129 139 133 123 122 121 126 130 138 146 171 153
539 553 576 599 649 705 762 860 929 978 1040 1079 1150 1078 1164 1263 1276 1191 1139 1259 1338 1416 1442 1419 1405 1295 1293 1236 1181 1110 1077 1066 945 800 721 651 590 636 839 496 275 245 237 252 261 296 360 367 471 262 212 222 175 176 152 141 138 135 133 134 140 141 128 126 125 128 129 126 123 127 124 127 137 149 143 145 150
527 543 560 584 612 651 736 817 895 945 1029 1068 1017 1042 1154 1117 1119 1279 1313 1184 1368 1434 1436 1456 1356 1320 1279 1226 1185 1182 1099 1110 1125 916 742 676 621 611 757 480 285 257 243 248 255 267 294 330 440 346 185 173 165 180 177 146 141 140 140 150 144 169 152 126 125 124 123 122 121 123 122 125 133 145 133 126 126
519 533 551 571 590 620 658 721 850 925 973 918 938 983 1103 1135 1240 1318 1372 1426 1357 1345 1397 1365 1362 1346 1285 1226 1202 1182 1214 1138 1143 975 780 710 652 757 925 474 310 281 264 262 265 279 320 416 433 313 181 172 168 193 184 149 145 143 141 146 154 205 222 148 126 125 125 124 126 126 126 123 127 134 125 122 120
510 525 543 557 577 599 633 682 758 842 864 929 980 1007 1061 1179 1228 1293 1338 1448 1497 1469 1420 1425 1402 1333 1274 1214 1185 1208 1207 1203 1188 1120 855 771 699 836 954 632 347 308 293 279 293 319 334 494 489 307 188 181 178 186 195 154 149 149 147 145 147 159 199 225 142 126 125 130 140 143 137 126 126 130 124 120 120
504 518 533 546 560 592 649 680 720 783 800 896 880 924 1025 1071 1138 1188 1241 1334 1419 1453 1454 1383 1379 1317 1272 1210 1175 1164 1169 1228 1198 1126 997 803 858 984 1013 924 478 341 335 331 345 425 439 568 492 283 199 190 182 177 193 165 155 152 148 150 155 156 169 186 153 128 126 130 139 153 146 135 138 130 126 123 121
497 511 525 538 548 571 604 625 671 696 818 876 798 807 858 986 1073 1063 1195 1295 1247 1304 1323 1373 1370 1333 1291 1239 1208 1197 1163 1154 1099 1049 1075 938 1056 1030 961 947 608 394 393 378 405 395 496 628 548 411 223 196 188 183 180 177 163 159 156 160 171 178 186 280 185 137 130 127 134 147 147 149 153 138 138 128 126
492 504 516 528 539 553 582 607 638 688 709 766 801 864 899 927 966 1006 1112 1177 1262 1329 1314 1311 1294 1264 1243 1210 1157 1116 1093 1094 1067 1108 1169 1069 1075 912 905 816 539 476 448 430 460 450 429 395 404 307 228 206 198 194 193 190 176 170 163 155 155 159 182 268 240 147 132 130 130 149 141 145 145 143 156 139 133
485 498 509 519 528 537 556 586 611 639 701 803 855 811 865 915 984 1048 1119 1180 1245 1306 1336 1341 1342 1325 1282 1256 1205 1165 1091 1109 1144 1147 1181 1149 1098 930 1006 922 617 530 575 641 547 554 366 286 255 243 257 252 209 215 219 232 211 186 172 170 156 158 172 230 188 142 136 132 133 148 149 154 153 152 153 164 151
475 489 497 508 515 526 539 556 587 633 723 795 837 850 871 913 944 1003 1093 1120 1153 1260 1326 1364 1371 1346 1320 1285 1233 1209 1144 1086 1120 1204 1195 1158 1110 1010 997 808 615 551 599 670 677 675 434 286 264 269 309 315 227 221 248 345 289 229 190 176 161 162 173 226 178 145 137 136 133 147 185 191 177 182 162 169 174
468 473 480 489 500 511 523 536 565 616 657 746 778 824 836 905 886 959 960 991 1088 1173 1266 1348 1379 1357 1331 1290 1261 1269 1233 1195 1217 1203 1201 1137 1117 1073 1021 891 720 746 590 648 655 606 398 310 284 289 320 364 290 244 259 327 382 362 226 180 171 166 182 242 222 159 142 138 133 136 152 164 179 176 185 173 168
458 458 460 472 479 491 508 533 550 579 608 663 739 747 762 824 850 901 945 999 1064 1202 1295 1346 1369 1356 1329 1297 1259 1253 1247 1228 1253 1247 1198 1079 1104 1073 1000 971 905 767 744 598 566 591 457 363 306 323 373 401 418 323 262 297 339 354 247 184 180 185 197 257 321 231 149 141 138 133 134 138 139 147 171 153 159
450 448 450 459 471 484 504 524 530 553 589 625 686 691 733 777 841 879 952 1041 1172 1239 1308 1342 1350 1343 1328 1297 1277 1248 1196 1232 1217 1201 1122 983 1002 1005 992 975 945 905 868 737 618 594 536 414 326 383 476 469 429 357 294 302 376 379 262 207 186 180 186 280 415 416 218 143 139 136 134 134 135 134 138 134 133
442 442 444 453 463 479 490 507 511 531 563 585 620 648 680 775 833 887 951 1015 1136 1202 1262 1314 1352 1362 1340 1306 1276 1227 1197 1161 1138 1143 993 1119 1107 1032 989 995 949 937 845 799 665 676 663 444 358 370 496 536 567 469 322 311 416 406 309 268 207 184 194 311 397 300 214 158 143 140 138 137 145 150 139 134 134
436 439 442 450 461 470 481 490 504 515 534 561 600 632 677 741 795 850 905 979 1105 1172 1248 1300 1319 1301 1278 1274 1238 1206 1184 1163 1141 1142 1148 1111 1053 1027 1041 976 952 919 886 771 822 717 749 584 438 462 550 603 694 537 335 282 303 259 252 235 207 208 229 295 368 339 226 184 154 146 142 140 148 156 156 163 172
432 438 440 448 457 465 473 486 502 513 526 537 582 617 643 681 768 830 900 980 1033 1108 1204 1189 1242 1300 1331 1317 1295 1259 1220 1189 1204 1170 1087 1047 1001 991 951 955 883 880 863 826 872 780 798 687 544 460 575 672 770 660 398 282 249 234 226 219 213 208 215 231 288 351 272 206 177 158 152 154 170 168 156 161 184
429 432 438 446 453 461 470 481 491 502 514 526 545 585 622 701 775 823 864 960 1066 1030 1080 1151 1204 1222 1296 1319 1310 1274 1232 1213 1158 1117 1071 1044 994 963 999 944 826 850 885 864 884 881 831 715 629 500 590 627 689 642 438 299 296 275 263 252 218 209 210 215 230 246 279 276 237 193 159 169 191 196 175 159 157
424 429 434 442 450 456 467 474 483 497 512 525 528 550 596 672 754 780 818 882 926 992 1106 1117 1150 1189 1284 1354 1320 1289 1245 1200 1170 1155 1128 1066 1025 927 890 847 875 856 900 905 915 878 722 556 517 484 524 533 497 553 407 334 419 400 361 286 247 228 216 220 228 236 249 297 267 213 168 164 178 195 183 163 154
419 426 430 439 447 454 463 471 482 490 492 505 508 529 558 621 672 753 739 804 848 951 1072 1114 1147 1203 1253 1307 1337 1303 1249 1215 1172 1134 1099 1030 979 955 953 938 906 863 809 900 913 817 690 640 644 550 580 527 406 424 311 339 426 416 375 337 324 275 260 268 282 252 294 325 268 185 170 171 178 191 217 194 193
415 420 426 435 446 453 462 467 470 476 486 495 502 517 540 575 634 717 751 773 843 937 1031 1075 1092 1158 1239 1309 1330 1284 1273 1230 1185 1142 1098 1035 1011 1016 1020 997 952 928 845 854 883 869 752 732 752 652 690 585 434 331 301 335 385 449 443 375 375 342 335 328 332 251 260 296 262 189 177 203 214 202 199 180 177
408 413 422 432 442 451 457 460 464 467 468 473 478 491 507 555 614 681 706 715 827 963 980 999 1010 1091 1217 1256 1244 1273 1273 1242 1202 1154 1074 1058 1030 1032 1021 1006 984 954 920 919 899 858 740 797 817 754 601 547 402 341 316 366 394 488 500 448 385 394 330 273 254 245 256 299 231 212 220 216 217 181 158 145 144
399 406 415 428 437 447 449 451 451 450 454 459 468 478 497 545 573 620 688 690 742 827 890 894 973 1069 1162 1087 1032 1128 1153 1182 1144 1121 1113 1084 1038 1027 1021 1012 976 948 929 912 880 873 812 799 803 713 748 630 433 389 354 377 384 404 409 400 382 313 283 285 257 250 265 281 237 240 212 186 191 188 152 147 145
388 397 408 422 435 441 442 440 439 440 446 454 461 462 477 513 555 652 821 797 684 730 779 871 962 1025 1019 966 1146 1149 1205 1215 1213 1181 1146 1098 1053 1025 1000 970 945 922 889 877 887 858 875 841 801 744 648 575 591 497 448 410 412 411 400 344 307 276 267 265 259 258 280 305 262 237 187 180 183 166 161 153 149
378 387 397 409 421 430 429 426 424 423 428 434 436 436 446 485 576 606 810 751 677 707 785 835 893 923 877 967 1026 1044 1145 1194 1216 1193 1152 1112 1070 1039 999 957 932 905 884 900 874 834 828 825 797 792 804 768 730 603 527 468 439 394 330 305 286 275 270 263 258 262 287 298 282 213 195 195 184 178 169 175 168
367 376 385 397 405 412 412 411 409 406 406 409 411 420 425 460 565 617 643 742 739 730 724 786 815 797 901 991 1094 1175 1166 1195 1206 1200 1167 1128 1078 1040 1003 965 931 893 865 866 827 805 797 802 791 778 776 794 734 741 624 483 374 352 324 311 298 286 275 267 272 269 278 272 245 224 219 212 201 193 188 196 179
354 361 371 382 390 395 395 394 393 392 389 392 396 401 415 425 467 584 612 633 725 800 710 713 719 837 902 1026 1003 1055 1132 1138 1156 1202 1165 1145 1099 1055 1025 974 937 896 864 837 824 788 825 748 777 784 714 708 821 692 614 520 380 358 338 324 310 298 287 288 300 282 271 259 258 260 262 260 229 232 216 200 185
341 350 356 364 375 378 379 377 377 375 373 373 375 378 389 396 425 499 591 576 608 634 677 645 706 783 827 881 941 1012 999 1039 1147 1201 1126 1127 1121 1081 1053 1004 954 905 873 834 800 792 746 789 800 721 694 760 807 755 752 679 457 376 358 341 322 309 302 332 344 289 267 252 245 239 247 260 263 248 234 216 215
326 333 340 346 356 361 364 362 361 359 358 355 357 356 361 373 391 431 529 583 541 554 603 622 665 716 741 793 873 933 919 1032 1096 1146 1087 1086 1083 1080 1014 1019 942 915 881 846 823 783 746 717 687 727 684 733 801 735 684 560 483 411 378 358 342 333 334 352 338 315 269 252 242 235 241 243 224 210 196 197 257
315 318 322 331 336 343 345 347 346 346 346 343 342 342 346 359 377 400 459 539 544 515 563 616 668 655 709 769 761 805 806 903 919 1079 1019 1000 941 956 994 962 979 943 903 875 842 837 822 824 760 694 685 694 694 695 807 701 487 428 402 411 376 365 370 364 332 309 284 267 253 240 235 210 196 195 219 277 342
302 303 309 312 318 325 328 331 332 332 333 333 335 335 340 353 369 382 400 437 471 529 570 581 640 633 634 652 764 894 940 954 948 865 861 913 996 1015 1025 997 997 958 919 895 870 838 806 838 780 743 756 726 679 747 768 712 512 452 430 436 417 398 396 402 363 326 301 290 273 253 245 208 195 206 331 509 398
290 290 293 297 302 310 314 317 320 321 324 326 327 330 337 347 360 377 389 404 427 486 544 568 605 616 608 705 729 858 993 1033 986 998 978 996 1028 1027 1023 1010 1014 978 936 910 886 834 821 794 751 784 764 781 775 710 830 827 626 488 458 444 430 413 421 422 408 401 358 327 316 279 241 215 199 205 343 615 442
