data/Layers_WA/bio13.asc
NCOLS 376 
NROWS 439 
XLLCORNER -124.708333333333 
YLLCORNER 28 
CELLSIZE 0.0416666666666649 
NODATA_value -3.4e+38 
[rows 72 to 107 of 439, columns 0 to 80 of 376]
-3.4e+38 -3.4e+38 -3.4e+38 -3.4e+38 -3.4e+38 -3.4e+38 -3.4e+38 273 278 267 271 266 268 266 289 275 268 276 278 285 279 267 276 266 274 269 268 260 227 191 173 166 173 194 183 189 185 203 201 216 231 240 239 237 240 258 255 245 229 223 218 219 209 209 206 201 220 210 209 213 197 188 200 222 209 223 203 185 159 131 116 137 139 127 116 110 105 92 88 98 118
-3.4e+38 -3.4e+38 -3.4e+38 -3.4e+38 -3.4e+38 -3.4e+38 -3.4e+38 267 272 273 266 264 268 271 269 263 266 272 272 279 282 278 281 278 267 264 262 251 207 188 184 161 159 176 178 182 187 201 215 222 216 225 225 227 228 240 242 237 249 237 251 233 213 218 205 202 204 228 211 203 207 201 228 249 248 219 205 177 149 125 117 130 125 121 112 107 102 90 82 87 102
-3.4e+38 -3.4e+38 -3.4e+38 -3.4e+38 -3.4e+38 -3.4e+38 -3.4e+38 263 265 275 261 261 262 270 266 263 259 262 280 283 283 279 275 273 268 265 253 224 209 191 192 178 168 182 181 169 186 212 230 220 215 230 234 245 242 223 228 251 257 256 255 237 233 235 236 210 220 234 246 254 239 210 236 263 256 224 185 154 133 122 117 119 117 112 107 100 94 89 81 81 92
-3.4e+38 -3.4e+38 -3.4e+38 -3.4e+38 -3.4e+38 -3.4e+38 263 261 262 273 267 268 259 271 262 263 260 255 266 266 263 267 267 267 268 253 238 228 208 187 182 161 164 180 173 187 205 210 204 211 212 219 224 243 243 231 235 232 236 228 226 214 215 236 256 224 225 257 267 282 252 206 245 268 246 203 168 142 127 118 112 109 110 114 114 98 89 89 84 79 84
-3.4e+38 -3.4e+38 -3.4e+38 -3.4e+38 -3.4e+38 -3.4e+38 270 270 273 273 272 271 260 263 263 259 263 263 264 272 278 273 268 268 256 244 230 217 202 192 171 165 173 176 197 199 184 183 197 209 220 228 233 230 220 212 209 212 218 204 202 203 209 240 247 247 230 220 243 247 225 219 231 232 201 168 150 136 124 117 111 107 106 107 114 97 90 88 85 77 75
-3.4e+38 -3.4e+38 -3.4e+38 -3.4e+38 -3.4e+38 -3.4e+38 277 278 284 282 282 277 270 261 267 274 272 261 267 272 259 271 268 255 242 239 225 214 208 205 184 171 162 180 185 170 174 181 188 186 195 216 222 220 212 201 194 198 194 199 210 211 223 241 247 245 206 199 225 230 229 255 240 247 197 161 144 132 123 117 111 106 103 97 91 89 85 82 82 85 83
-3.4e+38 -3.4e+38 -3.4e+38 -3.4e+38 -3.4e+38 -3.4e+38 285 289 291 299 293 280 275 265 271 271 263 260 262 259 257 267 264 244 236 236 228 216 212 211 196 194 193 166 155 166 171 172 174 176 195 202 198 194 195 189 205 201 196 199 211 212 208 232 237 198 194 206 222 239 251 254 245 230 190 163 144 131 122 115 109 103 98 92 87 85 82 79 85 93 93
-3.4e+38 -3.4e+38 -3.4e+38 -3.4e+38 -3.4e+38 295 294 298 299 299 304 284 281 271 274 279 267 263 266 265 253 258 252 243 242 240 230 219 213 211 218 198 165 159 176 163 157 164 170 183 182 183 194 176 174 195 198 189 184 195 211 210 208 221 211 190 193 202 215 241 272 271 258 245 219 190 160 129 120 113 107 101 96 91 86 83 81 77 85 101 117
-3.4e+38 -3.4e+38 -3.4e+38 -3.4e+38 -3.4e+38 302 305 309 307 303 307 299 288 283 270 282 271 271 270 272 267 256 253 241 237 236 229 225 206 198 183 164 156 155 151 162 163 158 158 161 163 169 166 179 185 175 200 198 194 205 226 237 218 202 191 186 190 200 211 232 271 254 244 242 246 215 162 130 117 111 104 99 94 91 86 83 85 78 88 121 136
-3.4e+38 -3.4e+38 -3.4e+38 -3.4e+38 309 309 313 317 316 307 312 304 297 290 281 273 276 278 280 273 271 264 253 245 241 233 221 206 202 198 192 182 183 189 173 171 181 174 176 164 170 174 165 172 188 196 192 203 222 222 237 211 191 187 185 202 212 203 207 229 252 264 255 245 228 202 151 123 115 108 102 97 93 92 88 85 82 77 80 98 118
-3.4e+38 -3.4e+38 -3.4e+38 313 313 313 321 328 324 320 314 303 295 299 289 277 280 283 280 276 267 257 249 242 237 230 218 211 205 201 195 196 192 182 174 178 178 180 179 175 181 179 172 165 168 198 206 202 194 194 202 201 186 181 182 193 209 231 229 248 257 229 232 209 189 170 143 123 113 106 100 96 93 96 90 88 83 78 76 84 99
-3.4e+38 -3.4e+38 -3.4e+38 317 312 313 316 312 315 310 308 301 295 295 297 291 280 283 278 271 263 257 250 240 232 223 213 209 205 198 197 191 185 183 176 168 168 173 169 165 174 181 185 186 170 175 193 190 177 179 182 194 186 177 177 179 212 212 202 231 238 228 184 160 162 161 142 125 111 103 99 96 95 89 94 91 83 78 76 84 92
-3.4e+38 -3.4e+38 -3.4e+38 -3.4e+38 312 315 317 320 319 319 316 311 307 305 298 289 286 283 275 268 261 254 248 241 232 223 214 204 198 197 188 179 171 167 163 169 167 183 181 167 183 182 194 191 182 189 185 172 164 168 178 189 183 174 170 169 174 187 219 219 229 212 161 137 130 145 143 126 108 101 97 93 89 89 93 89 82 77 75 83 94
-3.4e+38 -3.4e+38 -3.4e+38 -3.4e+38 313 315 323 322 325 319 315 313 310 306 300 292 287 281 274 263 256 251 244 237 231 222 215 208 197 188 182 174 171 171 170 175 180 175 166 178 180 181 175 161 159 167 164 154 164 168 177 170 170 169 166 163 162 169 190 192 219 182 148 129 121 119 125 121 107 108 108 93 88 86 90 92 85 77 74 76 79
-3.4e+38 -3.4e+38 -3.4e+38 -3.4e+38 -3.4e+38 -3.4e+38 322 326 328 323 319 316 310 307 300 293 287 279 269 263 258 248 242 233 228 219 212 204 194 188 180 171 169 167 171 187 170 166 153 158 163 166 157 149 139 154 155 139 152 141 155 175 180 167 162 163 161 164 199 191 202 199 170 124 117 111 113 108 102 96 91 93 95 87 87 93 94 83 80 77 76
-3.4e+38 -3.4e+38 -3.4e+38 -3.4e+38 -3.4e+38 -3.4e+38 -3.4e+38 326 329 324 321 316 311 306 299 289 285 279 272 265 261 253 242 233 225 216 208 199 189 182 174 166 165 162 164 161 159 151 153 143 150 156 141 156 141 125 136 140 133 158 165 176 183 165 158 163 168 162 191 219 212 191 155 120 114 107 105 99 90 93 88 86 88 83 82 100 96 84 95 78 73
-3.4e+38 -3.4e+38 -3.4e+38 -3.4e+38 -3.4e+38 -3.4e+38 -3.4e+38 325 326 322 320 316 312 306 300 292 287 281 273 267 262 252 241 234 226 216 208 200 194 186 176 169 166 161 162 158 145 139 147 146 135 134 128 142 123 118 133 135 129 140 151 166 167 158 153 156 176 163 182 201 181 171 138 117 110 104 99 96 89 90 82 78 75 77 81 93 88 80 80 74 72
-3.4e+38 -3.4e+38 -3.4e+38 -3.4e+38 -3.4e+38 -3.4e+38 -3.4e+38 324 326 327 322 319 312 308 302 293 290 283 273 265 256 248 241 232 224 218 209 199 192 182 171 161 159 155 157 153 132 129 129 126 136 132 119 114 110 110 125 125 133 135 141 149 149 147 146 148 156 174 173 189 177 162 132 114 107 101 96 91 88 94 85 79 74 75 74 76 77 76 76 72 69
-3.4e+38 -3.4e+38 -3.4e+38 -3.4e+38 -3.4e+38 -3.4e+38 -3.4e+38 331 331 328 325 320 316 310 303 299 293 286 274 268 260 250 239 230 223 221 212 200 192 180 170 161 159 157 158 150 131 128 138 133 127 116 108 103 102 102 108 125 137 141 149 149 143 139 139 144 149 176 176 176 165 187 143 111 105 99 93 88 94 95 94 78 84 85 70 68 69 69 70 68 66
-3.4e+38 -3.4e+38 -3.4e+38 -3.4e+38 -3.4e+38 -3.4e+38 331 334 332 329 327 322 317 307 308 302 296 287 278 271 263 252 242 231 224 219 208 201 194 182 173 163 157 154 152 148 132 129 129 122 117 105 101 101 97 97 98 101 105 116 131 148 154 142 138 140 151 171 173 168 148 142 123 108 102 96 91 86 92 99 92 89 98 78 69 66 66 66 66 65 64
-3.4e+38 -3.4e+38 -3.4e+38 -3.4e+38 -3.4e+38 -3.4e+38 336 335 335 331 325 325 315 309 298 296 299 287 280 269 264 249 239 231 229 216 206 203 197 185 174 165 155 147 143 143 133 125 121 115 108 103 98 93 92 93 94 102 106 102 107 124 151 157 143 149 163 193 167 153 130 119 114 106 99 94 88 83 89 101 88 93 103 77 70 67 66 65 63 62 62
-3.4e+38 -3.4e+38 -3.4e+38 -3.4e+38 -3.4e+38 -3.4e+38 337 340 338 332 325 318 310 305 301 308 305 293 286 283 275 255 250 239 226 215 211 208 200 190 179 168 159 152 151 142 137 125 126 118 110 102 95 90 90 93 95 99 112 109 106 115 132 145 143 149 152 150 147 140 131 132 129 110 97 92 87 81 77 79 75 86 94 89 72 65 69 70 69 64 61
-3.4e+38 -3.4e+38 -3.4e+38 -3.4e+38 -3.4e+38 -3.4e+38 340 341 339 335 330 325 313 303 308 297 296 295 277 270 262 262 261 238 222 216 221 216 204 194 184 173 164 156 152 147 142 129 126 133 131 114 96 91 89 96 110 114 109 127 117 118 119 128 140 152 149 145 151 135 134 156 147 126 96 94 86 79 74 71 73 69 64 63 69 65 60 63 66 65 66
-3.4e+38 -3.4e+38 -3.4e+38 -3.4e+38 -3.4e+38 -3.4e+38 337 341 341 337 336 331 322 308 310 303 310 299 278 263 255 255 266 249 226 227 231 218 206 192 181 174 168 159 151 144 140 139 137 133 126 107 98 93 91 89 104 132 127 121 142 146 144 145 139 145 146 140 135 129 126 137 141 134 94 89 82 77 72 70 69 67 61 59 58 61 57 56 57 60 66
-3.4e+38 -3.4e+38 -3.4e+38 -3.4e+38 -3.4e+38 -3.4e+38 -3.4e+38 335 340 339 337 325 322 325 324 321 310 291 300 285 267 252 252 246 252 241 239 227 213 198 186 176 170 162 155 147 140 132 134 123 117 116 110 98 92 88 92 109 133 147 152 148 155 151 148 147 142 137 131 123 116 110 105 106 91 86 81 75 70 66 67 66 61 57 56 57 55 53 54 55 58
-3.4e+38 -3.4e+38 -3.4e+38 -3.4e+38 -3.4e+38 -3.4e+38 -3.4e+38 339 341 341 337 329 331 334 330 316 306 287 285 281 265 247 243 254 257 254 238 226 212 194 183 179 169 165 159 148 141 136 128 120 119 122 123 129 111 94 91 85 98 112 112 124 146 150 145 143 140 133 125 119 117 105 98 93 88 82 78 73 68 64 60 59 61 60 54 53 52 51 52 52 54
-3.4e+38 -3.4e+38 -3.4e+38 -3.4e+38 -3.4e+38 -3.4e+38 -3.4e+38 -3.4e+38 340 342 340 332 334 336 334 327 297 279 282 278 264 250 254 259 257 266 233 219 206 195 187 183 172 167 160 150 145 144 140 123 115 112 121 136 131 121 112 106 90 89 102 131 140 145 140 137 132 118 111 110 108 101 95 90 86 81 75 71 66 62 58 56 54 54 52 52 51 49 48 49 49
-3.4e+38 -3.4e+38 -3.4e+38 -3.4e+38 -3.4e+38 -3.4e+38 -3.4e+38 -3.4e+38 337 342 342 340 341 340 334 331 324 298 271 270 257 253 242 250 263 273 256 244 226 201 188 180 171 177 161 152 150 144 132 124 124 114 111 118 121 136 149 126 121 102 95 101 122 135 135 123 115 111 109 103 101 95 90 87 83 80 75 71 66 61 57 55 53 51 52 51 47 47 48 50 49
-3.4e+38 -3.4e+38 -3.4e+38 -3.4e+38 -3.4e+38 -3.4e+38 -3.4e+38 -3.4e+38 333 337 342 341 338 336 336 336 317 305 284 270 266 261 257 270 285 274 264 244 217 200 187 192 195 203 169 154 149 140 132 127 123 121 120 127 133 135 172 156 149 129 108 103 106 127 119 106 102 106 107 99 96 91 86 83 77 71 71 70 64 60 57 54 52 55 58 52 48 45 48 49 57
-3.4e+38 -3.4e+38 -3.4e+38 -3.4e+38 -3.4e+38 -3.4e+38 -3.4e+38 -3.4e+38 -3.4e+38 327 331 336 340 345 345 348 321 317 292 291 269 255 255 288 286 271 255 214 207 194 187 188 199 183 168 156 147 141 133 134 136 140 150 166 168 159 169 161 141 123 121 118 119 128 120 107 96 99 98 94 90 87 82 78 72 68 64 64 63 59 55 53 50 49 48 46 46 45 43 45 53
-3.4e+38 -3.4e+38 -3.4e+38 -3.4e+38 -3.4e+38 -3.4e+38 -3.4e+38 -3.4e+38 -3.4e+38 -3.4e+38 325 335 338 345 349 347 325 326 302 284 265 260 276 285 268 253 231 209 202 206 201 191 190 182 181 174 151 142 135 132 137 143 164 184 175 147 130 126 111 103 108 121 112 103 98 94 92 92 91 88 85 82 79 75 70 65 62 63 61 57 55 52 49 47 46 44 42 41 41 41 43
-3.4e+38 -3.4e+38 -3.4e+38 -3.4e+38 -3.4e+38 -3.4e+38 -3.4e+38 -3.4e+38 -3.4e+38 -3.4e+38 -3.4e+38 -3.4e+38 339 347 347 348 324 323 317 307 278 263 261 276 257 231 231 214 207 197 197 189 185 187 179 160 148 144 145 140 149 146 163 143 140 138 114 120 115 98 97 100 99 92 90 89 87 86 86 85 83 79 74 70 67 64 62 61 59 56 54 51 49 47 45 43 41 40 39 40 42
-3.4e+38 -3.4e+38 -3.4e+38 -3.4e+38 -3.4e+38 -3.4e+38 -3.4e+38 -3.4e+38 -3.4e+38 -3.4e+38 -3.4e+38 -3.4e+38 325 340 350 347 335 326 307 291 288 290 279 274 247 226 218 214 206 207 192 184 178 179 170 168 174 157 165 157 171 181 167 135 114 109 116 121 120 111 94 93 91 90 90 88 87 86 89 86 79 74 70 66 64 62 60 57 55 55 53 51 49 47 45 44 41 40 39 40 41
-3.4e+38 -3.4e+38 -3.4e+38 -3.4e+38 -3.4e+38 -3.4e+38 -3.4e+38 -3.4e+38 -3.4e+38 -3.4e+38 -3.4e+38 -3.4e+38 315 328 351 333 335 335 302 282 313 314 294 258 234 229 226 214 208 210 218 194 181 176 168 160 161 144 140 132 134 142 162 124 110 105 107 99 101 123 99 93 92 92 90 88 86 88 101 101 81 72 67 63 61 59 57 56 56 54 52 50 49 47 45 44 42 41 41 41 42
-3.4e+38 -3.4e+38 -3.4e+38 -3.4e+38 -3.4e+38 -3.4e+38 -3.4e+38 -3.4e+38 -3.4e+38 -3.4e+38 -3.4e+38 302 309 327 348 340 355 360 346 321 313 311 288 265 237 226 228 211 214 207 205 217 183 196 179 173 168 152 136 132 131 122 120 113 110 105 101 100 96 99 93 92 92 91 90 87 86 86 100 101 96 72 64 60 58 56 56 55 54 53 52 50 49 48 46 45 44 43 43 43 43
-3.4e+38 -3.4e+38 -3.4e+38 -3.4e+38 -3.4e+38 -3.4e+38 -3.4e+38 -3.4e+38 -3.4e+38 -3.4e+38 -3.4e+38 293 303 327 349 355 349 334 324 282 272 286 253 243 233 228 225 215 207 199 203 232 228 202 170 166 159 150 146 131 133 126 116 109 109 102 107 106 95 97 93 92 90 91 91 89 85 84 96 114 104 95 67 58 55 55 55 58 57 53 53 51 53 48 47 47 46 45 44 44 44
