data/Layers_WA/bio17.asc
NCOLS 376 
NROWS 439 
XLLCORNER -124.708333333333 
YLLCORNER 28 
CELLSIZE 0.0416666666666649 
NODATA_value -3.4e+38 
[rows 148 to 184 of 439, columns 83 to 165 of 376]
31 37 33 34 43 43 39 37 35 35 35 40 46 49 39 46 43 41 42 43 42 42 45 43 34 31 30 30 30 28 28 28 28 29 32 35 29 26 26 26 26 26 35 40 30 26 26 33 35 33 35 37 33 27 27 25 25 27 29 34 37 28 25 25 23 22 23 23 25 32 31 26 26 27 27 26 26 27 28 28 31 38 38
30 31 34 42 38 37 35 38 43 37 38 38 38 36 39 44 43 43 45 45 45 44 44 44 45 37 30 30 33 36 32 31 32 38 41 43 34 26 26 26 26 26 28 35 28 26 26 32 38 32 32 37 34 29 27 26 26 27 29 34 30 26 23 22 22 22 22 23 29 32 26 26 26 26 26 27 27 28 31 35 37 42 34
26 31 31 30 31 34 33 36 44 44 51 43 38 43 47 46 44 43 42 42 45 49 52 47 44 42 36 30 31 41 45 35 35 40 46 49 47 33 27 26 26 26 28 34 28 26 26 32 35 32 32 35 33 29 27 27 26 26 30 32 30 25 22 22 22 22 23 27 27 26 24 24 25 26 28 28 31 37 44 41 38 38 25
40 42 41 38 34 34 34 34 35 39 48 55 48 49 58 55 45 43 42 42 41 44 51 50 43 44 44 34 31 31 33 31 31 34 35 43 54 43 30 26 26 26 30 31 28 26 26 30 32 32 32 31 30 29 28 27 27 27 28 27 27 24 22 22 22 25 26 23 23 24 24 24 24 26 28 31 35 46 41 36 31 25 24
48 48 51 36 31 31 35 34 35 37 38 44 50 51 48 48 47 45 46 42 43 47 47 54 43 42 49 45 36 31 33 31 31 40 35 31 38 40 31 28 26 26 26 27 27 26 27 29 32 34 32 30 29 29 29 31 30 27 26 24 24 23 23 24 23 23 23 23 23 24 24 24 24 26 28 35 41 36 31 25 24 24 24
37 38 43 37 36 36 41 45 41 37 39 37 40 45 51 50 48 46 45 48 45 45 49 45 41 39 44 49 37 31 31 31 31 33 40 35 28 31 31 28 28 26 26 26 26 27 29 30 32 30 29 29 27 28 29 29 27 24 24 24 24 24 26 23 22 22 23 23 23 24 24 24 24 28 34 39 43 28 23 24 24 24 24
40 40 42 36 40 41 39 41 40 39 42 41 40 40 46 51 50 48 42 42 42 40 44 44 39 39 37 38 32 32 38 31 34 30 30 35 27 27 27 31 34 31 28 26 27 27 28 29 32 32 32 32 27 27 27 27 25 24 24 24 24 23 23 23 23 23 23 23 23 24 24 24 25 33 43 43 38 25 22 23 24 24 25
36 39 37 36 31 33 37 43 48 45 42 49 42 41 43 47 42 40 39 39 38 37 36 37 36 36 34 35 32 33 46 36 35 33 30 33 27 27 27 31 37 42 43 32 27 27 29 29 29 36 35 32 26 26 27 28 26 24 24 24 23 23 23 23 23 23 23 23 23 24 24 24 27 39 36 33 25 22 22 23 24 25 26
30 28 29 36 40 40 40 44 48 50 47 50 51 42 41 40 41 40 42 45 38 36 36 36 36 36 36 37 32 34 46 40 36 38 30 32 27 27 27 27 29 37 50 40 31 28 29 29 29 38 33 32 27 26 28 29 28 26 25 24 23 23 23 23 23 23 23 23 24 24 24 24 34 37 28 24 22 22 23 23 25 28 30
24 26 32 37 39 41 39 43 44 50 48 52 51 50 46 42 40 41 42 40 38 36 36 36 36 39 45 39 33 34 41 34 32 32 31 29 30 28 31 29 29 34 45 41 32 29 28 30 31 35 33 28 26 26 26 26 26 25 25 24 22 22 22 22 22 22 22 22 24 24 24 28 41 29 24 22 22 22 23 24 26 31 37
24 26 30 34 35 39 39 39 43 45 48 49 51 53 53 53 51 44 42 38 37 36 36 35 36 41 50 45 37 32 32 31 29 29 29 28 28 27 31 36 31 35 45 45 33 28 28 29 32 34 29 26 27 29 29 26 25 24 23 23 22 22 22 22 22 22 22 23 23 23 24 33 39 25 22 22 23 23 24 26 30 39 51
23 25 28 30 33 35 38 39 42 45 45 44 47 53 52 53 53 53 50 38 37 39 42 44 38 42 53 50 42 34 32 32 29 28 30 30 27 27 30 37 39 40 47 38 30 29 28 28 29 29 26 26 29 30 26 25 24 23 23 23 22 22 22 22 22 22 22 23 23 23 26 35 40 28 23 23 23 25 30 36 38 43 51
23 25 26 27 30 33 35 39 42 42 40 41 47 51 53 47 53 55 53 43 37 37 45 48 46 47 50 62 48 41 43 48 36 30 29 27 27 27 30 31 34 34 34 31 31 29 29 29 29 27 27 27 27 27 25 25 25 23 23 23 22 22 22 22 22 22 23 23 23 24 29 37 48 30 23 23 23 28 41 51 51 54 51
23 23 26 27 28 31 35 38 37 37 38 41 44 45 47 46 49 55 58 56 43 41 44 51 52 55 49 55 47 42 44 46 39 31 28 27 27 27 31 30 28 28 28 30 32 35 31 29 29 29 28 27 27 26 26 25 24 23 23 23 22 22 22 22 22 22 23 23 23 32 44 47 45 27 23 23 26 30 44 59 60 47 38
23 23 24 25 26 29 30 33 35 42 44 43 48 48 50 50 50 54 55 58 55 54 50 50 51 53 47 48 49 38 32 31 31 28 27 26 26 28 28 28 34 33 29 30 35 39 34 31 29 31 31 29 27 27 26 24 24 23 23 22 22 22 22 22 22 23 23 26 27 38 48 46 35 27 23 26 28 33 44 63 59 42 36
22 23 23 25 25 29 32 35 39 42 42 44 45 48 50 52 52 52 55 55 54 55 54 52 51 49 46 44 52 47 41 44 38 31 28 26 26 31 30 30 34 35 35 35 34 38 39 34 30 28 29 28 27 27 26 24 24 23 23 22 22 22 22 22 23 23 24 28 31 38 44 40 32 26 25 30 35 39 45 50 51 40 36
22 22 20 21 23 28 30 31 33 36 38 40 46 48 49 50 53 55 55 58 58 63 58 54 51 49 45 44 48 42 57 65 57 41 30 28 27 31 36 32 32 35 40 40 34 31 31 31 28 28 28 28 27 27 27 24 24 23 23 22 22 22 22 23 23 23 27 31 32 35 37 35 31 26 26 34 40 43 41 42 41 38 42
17 22 20 20 21 23 27 32 35 39 40 39 43 46 49 53 54 55 53 55 58 60 56 53 51 46 46 44 45 44 58 71 60 46 35 29 28 36 38 37 36 40 35 30 29 29 28 28 28 28 28 28 28 29 29 25 24 23 23 23 22 22 23 23 24 23 27 30 32 31 30 30 28 26 27 35 41 40 38 41 35 38 44
17 18 17 20 21 24 25 28 30 33 33 36 37 42 46 46 48 52 55 57 56 60 56 54 50 48 45 44 45 49 57 73 65 45 36 32 32 37 41 38 39 32 29 27 27 28 31 29 28 28 28 27 27 28 28 25 24 23 23 23 23 23 23 23 23 23 25 30 33 30 28 27 26 26 27 29 38 37 38 36 35 37 44
16 16 17 18 20 22 24 29 33 35 39 40 41 41 44 46 48 49 51 51 52 54 54 50 49 47 45 46 51 57 66 72 65 46 32 34 38 45 41 33 29 27 27 27 27 27 31 28 28 28 28 26 26 26 28 26 24 23 23 23 23 23 23 25 23 23 23 25 28 28 26 26 26 28 28 28 33 32 32 32 35 39 43
15 15 17 19 19 22 24 29 29 34 36 37 40 42 42 48 49 50 50 52 49 51 56 55 51 48 51 50 54 57 59 55 60 39 32 32 39 41 33 31 28 27 29 31 29 28 28 28 28 28 28 27 26 28 28 28 25 24 23 23 25 23 23 23 25 25 23 23 25 28 25 25 26 29 32 29 31 31 32 35 38 38 41
15 15 16 19 19 22 24 26 26 30 32 37 36 37 41 43 40 39 45 45 50 49 55 59 53 50 57 51 45 45 43 44 53 42 34 34 37 34 29 28 28 30 38 37 34 32 29 28 28 31 37 32 28 29 29 28 27 29 31 27 25 24 23 25 28 29 24 25 26 31 25 25 28 35 43 38 35 34 35 38 44 40 42
15 15 16 19 19 21 22 22 25 27 31 30 29 35 37 40 45 46 45 50 48 49 56 59 51 50 48 44 43 43 42 44 61 56 36 29 29 30 31 32 32 38 50 40 39 35 29 28 28 30 29 28 27 29 32 29 32 32 32 27 23 25 27 26 27 31 28 26 30 30 27 27 28 40 44 43 40 38 38 42 48 45 44
14 15 15 17 19 19 21 22 24 24 30 33 36 37 38 40 41 48 47 47 45 52 56 54 57 51 44 43 42 43 42 44 60 57 38 30 30 32 36 39 35 43 52 43 43 37 29 29 27 26 26 26 27 26 27 27 27 29 29 27 24 24 25 26 28 30 31 30 36 35 28 27 31 35 34 38 38 35 37 41 42 44 47
12 14 15 15 17 19 20 21 22 24 30 32 35 34 34 38 41 43 43 43 45 47 49 51 57 52 43 42 42 42 42 45 53 42 36 30 30 34 41 44 40 44 48 41 37 33 33 29 27 26 26 26 26 27 26 26 27 27 29 27 27 25 25 25 26 28 28 30 35 40 28 28 32 36 34 35 33 35 38 39 40 40 42
12 13 14 15 15 17 20 20 20 23 26 30 30 27 34 38 40 37 42 42 42 47 45 53 57 57 45 42 42 42 42 47 61 47 33 29 32 33 39 41 47 48 52 38 35 37 32 31 29 26 26 26 26 27 28 28 26 26 27 27 29 27 25 25 25 25 26 28 30 37 32 31 32 35 33 35 33 33 33 34 34 34 36
11 12 14 14 16 16 19 18 21 24 26 23 23 27 30 34 36 37 42 39 44 47 48 47 50 54 49 42 42 42 42 47 61 42 30 29 30 33 35 39 44 46 55 40 36 37 32 33 29 28 26 26 27 28 29 29 27 26 26 27 27 26 25 25 25 25 28 31 29 30 31 31 30 28 33 35 30 30 30 34 34 31 34
11 12 12 14 16 16 16 17 20 19 21 25 26 25 30 34 36 39 37 39 41 44 46 54 51 57 62 50 43 43 43 44 54 41 30 30 30 33 35 36 40 43 52 46 32 31 30 33 33 29 29 29 29 32 30 35 32 26 26 26 26 25 25 25 25 25 28 30 27 26 26 26 26 26 31 30 30 30 28 30 33 30 43
11 11 12 14 15 15 15 16 19 20 24 26 29 31 30 31 34 35 38 41 41 42 48 51 62 57 62 52 44 44 43 52 66 40 31 31 32 33 35 38 42 49 52 44 30 29 30 35 35 29 29 29 29 30 32 40 43 32 26 26 26 26 25 25 25 25 25 28 25 25 24 24 25 25 26 27 29 28 27 27 27 30 45
10 11 11 12 13 15 15 16 18 21 23 24 27 31 34 34 35 36 40 39 40 40 43 53 57 62 66 63 47 46 44 55 66 48 33 33 33 33 36 40 42 55 55 43 31 31 32 33 36 29 29 29 29 30 31 33 40 45 29 26 26 27 29 30 28 25 25 26 25 24 24 24 25 25 25 26 27 27 27 27 29 33 43
10 11 11 12 12 15 15 15 17 18 21 21 24 27 32 34 36 35 37 38 38 38 41 46 52 64 64 61 55 46 53 63 71 66 41 33 36 37 40 47 49 59 55 41 32 32 32 32 35 30 29 29 29 30 32 32 35 38 32 26 26 27 28 32 30 27 28 26 25 25 24 25 25 25 25 25 26 25 25 26 33 45 47
10 10 11 11 12 14 13 14 15 17 18 18 23 27 27 29 32 35 36 37 39 40 43 48 50 53 53 54 58 53 63 66 63 65 47 36 39 40 44 44 52 62 58 50 35 32 32 32 32 32 31 30 31 32 34 36 37 51 38 29 26 27 27 30 30 31 32 28 28 26 26 26 26 25 25 25 25 26 26 27 35 47 52
10 10 11 11 11 12 14 15 15 15 18 18 21 23 27 30 31 32 33 33 35 36 37 39 42 48 50 56 64 59 63 55 58 55 42 41 41 42 46 47 48 47 48 42 36 33 33 33 35 35 32 32 31 30 31 32 37 50 46 31 26 26 27 31 29 30 30 29 32 28 26 28 29 26 26 26 26 27 27 30 33 37 45
10 10 10 11 11 13 14 14 15 15 17 18 20 23 26 29 31 33 33 35 35 38 40 42 40 47 53 56 64 65 66 55 64 62 46 44 48 53 50 53 43 38 36 36 39 39 34 37 38 40 38 34 32 33 31 31 34 44 38 29 27 27 28 31 31 32 32 31 31 35 30 33 35 28 27 29 26 27 28 30 32 32 35
9 10 10 10 11 14 14 14 15 15 16 17 20 21 23 27 30 33 35 35 38 40 41 45 44 44 50 60 63 64 64 59 61 53 44 43 48 55 57 59 46 37 36 39 44 44 36 37 42 51 47 41 36 34 31 32 34 43 37 29 27 27 28 31 40 41 38 39 34 36 37 35 38 37 36 29 28 28 27 28 29 30 32
9 9 10 10 11 12 14 14 14 15 15 17 17 18 20 23 27 32 34 35 38 40 43 48 50 50 55 58 64 62 64 63 61 56 49 53 47 53 54 54 43 38 37 40 44 48 43 39 42 50 56 54 40 34 32 32 35 46 43 32 28 28 28 28 32 34 38 37 40 37 36 40 41 44 43 32 31 29 28 30 30 31 32
8 9 9 10 10 11 13 13 14 14 15 17 17 18 20 23 28 30 33 35 35 38 40 46 50 52 57 61 61 56 61 61 58 61 59 54 55 48 48 52 46 41 37 42 47 50 53 47 42 47 51 54 43 34 34 36 38 47 56 44 30 28 28 28 28 28 28 30 37 31 33 29 30 31 33 34 36 37 30 30 33 34 34
