data/Layers_WA/bio12.asc
NCOLS 376 
NROWS 439 
XLLCORNER -124.708333333333 
YLLCORNER 28 
CELLSIZE 0.0416666666666649 
NODATA_value -3.4e+38 
[rows 306 to 339 of 439, columns 154 to 230 of 376]
-3.4e+38 -3.4e+38 -3.4e+38 -3.4e+38 -3.4e+38 -3.4e+38 -3.4e+38 -3.4e+38 -3.4e+38 -3.4e+38 -3.4e+38 -3.4e+38 326 318 307 294 298 300 328 460 418 468 532 490 438 389 329 311 327 335 346 436 402 434 467 501 485 474 460 436 482 453 507 620 657 624 430 308 207 140 91 77 68 68 65 63 64 69 70 74 85 90 94 110 123 126 128 132 136 143 153 153 133 112 100 92 87
-3.4e+38 -3.4e+38 -3.4e+38 -3.4e+38 -3.4e+38 -3.4e+38 -3.4e+38 -3.4e+38 -3.4e+38 -3.4e+38 -3.4e+38 -3.4e+38 -3.4e+38 299 292 301 313 304 318 354 418 512 485 370 330 344 376 334 322 338 379 370 366 390 454 497 508 539 559 475 419 386 374 466 468 415 436 426 298 224 132 84 72 69 67 67 63 64 65 64 67 71 91 133 148 148 142 138 138 142 147 145 140 124 124 106 93
-3.4e+38 -3.4e+38 -3.4e+38 -3.4e+38 -3.4e+38 -3.4e+38 -3.4e+38 -3.4e+38 -3.4e+38 -3.4e+38 -3.4e+38 -3.4e+38 -3.4e+38 -3.4e+38 -3.4e+38 287 300 288 296 330 442 564 411 296 342 334 329 386 385 384 531 549 492 454 446 497 533 575 577 570 487 407 330 340 325 311 302 350 398 393 202 111 84 74 67 68 68 64 63 65 67 66 75 109 115 133 123 122 122 122 135 140 133 126 121 112 101
-3.4e+38 -3.4e+38 -3.4e+38 -3.4e+38 -3.4e+38 -3.4e+38 -3.4e+38 -3.4e+38 -3.4e+38 -3.4e+38 -3.4e+38 -3.4e+38 -3.4e+38 -3.4e+38 -3.4e+38 -3.4e+38 277 288 309 302 362 386 339 296 309 309 332 348 369 359 522 641 642 584 575 521 491 502 545 586 613 506 408 282 272 256 202 161 183 344 291 169 116 98 73 69 67 68 65 65 68 65 61 70 81 89 90 95 105 104 120 123 125 119 112 103 98
-3.4e+38 -3.4e+38 -3.4e+38 -3.4e+38 -3.4e+38 -3.4e+38 -3.4e+38 -3.4e+38 -3.4e+38 -3.4e+38 -3.4e+38 -3.4e+38 -3.4e+38 -3.4e+38 -3.4e+38 -3.4e+38 -3.4e+38 289 332 345 313 295 305 282 312 310 305 290 313 310 347 520 694 725 716 666 560 509 507 533 594 579 481 319 273 188 201 173 128 185 311 228 138 94 79 74 71 69 68 64 64 64 61 62 66 70 76 77 83 91 116 110 119 112 107 98 95
-3.4e+38 -3.4e+38 -3.4e+38 -3.4e+38 -3.4e+38 -3.4e+38 -3.4e+38 -3.4e+38 -3.4e+38 -3.4e+38 -3.4e+38 -3.4e+38 -3.4e+38 -3.4e+38 -3.4e+38 -3.4e+38 -3.4e+38 -3.4e+38 -3.4e+38 287 297 310 274 291 313 298 290 317 340 375 352 349 505 651 701 649 562 515 471 469 546 661 582 452 322 179 154 168 138 137 165 190 139 100 86 79 73 71 69 67 65 65 64 62 63 67 71 74 75 78 92 111 109 106 100 95 95
-3.4e+38 -3.4e+38 -3.4e+38 -3.4e+38 -3.4e+38 -3.4e+38 -3.4e+38 -3.4e+38 -3.4e+38 -3.4e+38 -3.4e+38 -3.4e+38 -3.4e+38 -3.4e+38 -3.4e+38 -3.4e+38 -3.4e+38 -3.4e+38 -3.4e+38 -3.4e+38 280 291 284 282 291 293 313 325 353 377 425 404 385 513 561 587 563 518 487 458 511 595 600 523 332 168 152 142 145 153 141 129 117 104 92 85 77 74 71 70 68 65 65 64 62 63 67 69 70 73 78 93 97 100 101 98 95
-3.4e+38 -3.4e+38 -3.4e+38 -3.4e+38 -3.4e+38 -3.4e+38 -3.4e+38 -3.4e+38 -3.4e+38 -3.4e+38 -3.4e+38 -3.4e+38 -3.4e+38 -3.4e+38 -3.4e+38 -3.4e+38 -3.4e+38 -3.4e+38 -3.4e+38 -3.4e+38 276 280 282 286 298 322 363 370 401 407 411 423 483 579 612 592 586 534 505 492 476 523 562 494 330 192 158 146 141 135 128 121 113 102 95 87 83 78 73 71 70 67 65 65 62 63 64 64 67 69 73 77 93 106 107 106 104
-3.4e+38 -3.4e+38 -3.4e+38 -3.4e+38 -3.4e+38 -3.4e+38 -3.4e+38 -3.4e+38 -3.4e+38 -3.4e+38 -3.4e+38 -3.4e+38 -3.4e+38 -3.4e+38 -3.4e+38 -3.4e+38 -3.4e+38 -3.4e+38 -3.4e+38 -3.4e+38 -3.4e+38 281 284 295 307 324 356 373 384 427 424 456 482 511 506 565 589 577 563 604 553 514 483 472 445 298 195 170 154 148 137 118 112 105 100 94 92 86 78 72 71 68 66 65 63 61 62 62 61 65 67 70 75 92 105 107 113
-3.4e+38 -3.4e+38 -3.4e+38 -3.4e+38 -3.4e+38 -3.4e+38 -3.4e+38 -3.4e+38 -3.4e+38 -3.4e+38 -3.4e+38 -3.4e+38 -3.4e+38 -3.4e+38 -3.4e+38 -3.4e+38 -3.4e+38 -3.4e+38 -3.4e+38 -3.4e+38 -3.4e+38 -3.4e+38 281 288 306 324 340 351 355 354 372 458 457 466 388 538 554 567 550 621 675 495 430 394 339 302 253 208 183 162 141 125 116 108 103 97 93 87 80 75 71 69 66 65 62 60 61 60 60 61 62 64 66 72 75 81 89
-3.4e+38 -3.4e+38 -3.4e+38 -3.4e+38 -3.4e+38 -3.4e+38 -3.4e+38 -3.4e+38 -3.4e+38 -3.4e+38 -3.4e+38 -3.4e+38 -3.4e+38 -3.4e+38 -3.4e+38 -3.4e+38 -3.4e+38 -3.4e+38 -3.4e+38 -3.4e+38 -3.4e+38 -3.4e+38 -3.4e+38 287 291 326 369 372 356 349 333 361 396 403 404 498 508 531 537 578 627 534 397 390 353 347 280 256 276 245 192 135 118 112 105 98 92 88 82 79 73 71 65 66 62 60 59 59 59 59 59 61 63 63 66 70 72
-3.4e+38 -3.4e+38 -3.4e+38 -3.4e+38 -3.4e+38 -3.4e+38 -3.4e+38 -3.4e+38 -3.4e+38 -3.4e+38 -3.4e+38 -3.4e+38 -3.4e+38 -3.4e+38 -3.4e+38 -3.4e+38 -3.4e+38 -3.4e+38 -3.4e+38 -3.4e+38 -3.4e+38 -3.4e+38 -3.4e+38 284 298 300 325 360 331 319 344 394 426 424 421 474 518 529 521 597 647 574 470 490 372 363 392 360 304 295 267 176 130 118 109 102 97 93 90 85 80 72 68 66 62 61 60 59 57 58 57 59 59 62 61 62 66
-3.4e+38 -3.4e+38 -3.4e+38 -3.4e+38 -3.4e+38 -3.4e+38 -3.4e+38 -3.4e+38 -3.4e+38 -3.4e+38 -3.4e+38 -3.4e+38 -3.4e+38 -3.4e+38 -3.4e+38 -3.4e+38 -3.4e+38 -3.4e+38 -3.4e+38 -3.4e+38 -3.4e+38 -3.4e+38 -3.4e+38 -3.4e+38 293 291 295 315 343 339 362 455 431 419 425 432 484 471 527 599 680 704 564 443 395 366 393 433 353 267 246 190 154 148 132 110 103 97 97 92 85 75 69 66 64 63 60 58 56 57 55 56 57 57 60 60 61
-3.4e+38 -3.4e+38 -3.4e+38 -3.4e+38 -3.4e+38 -3.4e+38 -3.4e+38 -3.4e+38 -3.4e+38 -3.4e+38 -3.4e+38 -3.4e+38 -3.4e+38 -3.4e+38 -3.4e+38 -3.4e+38 -3.4e+38 -3.4e+38 -3.4e+38 -3.4e+38 -3.4e+38 -3.4e+38 -3.4e+38 -3.4e+38 280 285 291 319 354 349 360 439 456 413 412 459 418 401 517 582 714 717 649 478 349 321 282 266 257 231 197 173 170 178 188 170 111 106 108 98 89 80 72 66 64 63 60 57 56 56 55 55 57 56 57 60 60
-3.4e+38 -3.4e+38 -3.4e+38 -3.4e+38 -3.4e+38 -3.4e+38 -3.4e+38 -3.4e+38 -3.4e+38 -3.4e+38 -3.4e+38 -3.4e+38 -3.4e+38 -3.4e+38 -3.4e+38 -3.4e+38 -3.4e+38 -3.4e+38 -3.4e+38 -3.4e+38 -3.4e+38 -3.4e+38 -3.4e+38 -3.4e+38 286 289 294 304 328 338 358 388 393 399 433 500 397 463 495 575 715 680 674 600 429 328 312 295 240 218 206 185 171 170 172 145 121 111 105 106 94 82 74 64 64 62 59 58 56 55 55 54 54 57 57 57 59
-3.4e+38 -3.4e+38 -3.4e+38 -3.4e+38 -3.4e+38 -3.4e+38 -3.4e+38 -3.4e+38 -3.4e+38 -3.4e+38 -3.4e+38 -3.4e+38 -3.4e+38 -3.4e+38 -3.4e+38 -3.4e+38 -3.4e+38 -3.4e+38 -3.4e+38 -3.4e+38 -3.4e+38 -3.4e+38 -3.4e+38 -3.4e+38 295 291 294 299 319 350 354 359 343 397 391 439 413 440 478 555 616 654 652 648 603 427 391 314 274 218 200 191 176 164 157 143 133 123 112 103 91 83 71 65 62 60 58 57 54 55 55 53 54 55 55 56 59
-3.4e+38 -3.4e+38 -3.4e+38 -3.4e+38 -3.4e+38 -3.4e+38 -3.4e+38 -3.4e+38 -3.4e+38 -3.4e+38 -3.4e+38 -3.4e+38 -3.4e+38 -3.4e+38 -3.4e+38 -3.4e+38 -3.4e+38 -3.4e+38 -3.4e+38 -3.4e+38 -3.4e+38 -3.4e+38 -3.4e+38 -3.4e+38 281 290 292 294 304 334 311 315 322 336 386 395 444 536 503 585 582 604 575 628 642 601 420 358 291 231 202 201 183 176 175 157 145 132 121 109 95 81 71 64 63 62 59 58 55 55 53 54 54 55 55 54 55
-3.4e+38 -3.4e+38 -3.4e+38 -3.4e+38 -3.4e+38 -3.4e+38 -3.4e+38 -3.4e+38 -3.4e+38 -3.4e+38 -3.4e+38 -3.4e+38 -3.4e+38 -3.4e+38 -3.4e+38 -3.4e+38 -3.4e+38 -3.4e+38 -3.4e+38 -3.4e+38 -3.4e+38 -3.4e+38 -3.4e+38 -3.4e+38 281 277 287 292 286 307 334 312 321 359 383 389 425 437 494 536 562 572 569 606 605 576 513 402 312 249 242 229 215 210 207 180 158 145 132 119 103 90 77 69 66 63 61 59 57 56 54 54 54 55 55 54 54
-3.4e+38 -3.4e+38 -3.4e+38 -3.4e+38 -3.4e+38 -3.4e+38 -3.4e+38 -3.4e+38 -3.4e+38 -3.4e+38 -3.4e+38 -3.4e+38 -3.4e+38 -3.4e+38 -3.4e+38 -3.4e+38 -3.4e+38 -3.4e+38 -3.4e+38 -3.4e+38 -3.4e+38 -3.4e+38 -3.4e+38 -3.4e+38 -3.4e+38 261 273 278 283 297 312 323 311 318 344 387 421 462 475 467 553 580 557 516 525 480 474 396 341 277 270 250 223 206 194 182 172 166 151 137 119 103 92 83 77 70 65 62 60 57 54 54 54 54 55 54 54
-3.4e+38 -3.4e+38 -3.4e+38 -3.4e+38 -3.4e+38 -3.4e+38 -3.4e+38 -3.4e+38 -3.4e+38 -3.4e+38 -3.4e+38 -3.4e+38 -3.4e+38 -3.4e+38 -3.4e+38 -3.4e+38 -3.4e+38 -3.4e+38 -3.4e+38 -3.4e+38 -3.4e+38 -3.4e+38 -3.4e+38 -3.4e+38 264 262 261 273 272 282 285 299 299 321 364 417 460 506 440 456 522 537 494 455 445 435 440 373 342 304 279 263 242 223 209 194 191 185 174 157 145 129 112 100 89 79 74 66 61 60 57 54 54 53 54 54 55
-3.4e+38 -3.4e+38 -3.4e+38 -3.4e+38 -3.4e+38 -3.4e+38 -3.4e+38 -3.4e+38 -3.4e+38 -3.4e+38 -3.4e+38 -3.4e+38 -3.4e+38 -3.4e+38 -3.4e+38 -3.4e+38 -3.4e+38 -3.4e+38 -3.4e+38 -3.4e+38 -3.4e+38 -3.4e+38 -3.4e+38 -3.4e+38 251 254 252 252 252 262 262 280 341 330 313 338 442 470 421 424 448 471 458 448 432 413 399 367 331 305 287 264 259 248 228 220 211 206 197 189 177 160 139 122 107 94 82 74 68 62 60 59 56 53 53 53 54
-3.4e+38 -3.4e+38 -3.4e+38 -3.4e+38 -3.4e+38 -3.4e+38 -3.4e+38 -3.4e+38 -3.4e+38 -3.4e+38 -3.4e+38 -3.4e+38 -3.4e+38 -3.4e+38 -3.4e+38 -3.4e+38 -3.4e+38 -3.4e+38 -3.4e+38 -3.4e+38 -3.4e+38 -3.4e+38 -3.4e+38 -3.4e+38 -3.4e+38 -3.4e+38 -3.4e+38 234 237 240 259 274 276 302 308 312 351 457 377 435 437 443 453 410 400 398 382 359 329 307 296 261 241 241 241 231 227 224 221 218 213 199 175 147 128 111 95 82 73 68 65 60 57 55 53 53 54
-3.4e+38 -3.4e+38 -3.4e+38 -3.4e+38 -3.4e+38 -3.4e+38 -3.4e+38 -3.4e+38 -3.4e+38 -3.4e+38 -3.4e+38 -3.4e+38 -3.4e+38 -3.4e+38 -3.4e+38 -3.4e+38 -3.4e+38 -3.4e+38 -3.4e+38 -3.4e+38 -3.4e+38 -3.4e+38 -3.4e+38 -3.4e+38 -3.4e+38 -3.4e+38 -3.4e+38 223 221 230 240 252 252 308 447 425 330 327 352 405 412 430 420 395 405 407 383 356 330 316 300 275 219 212 245 239 238 237 240 244 242 221 210 170 146 127 110 96 84 75 66 64 57 55 54 53 52
-3.4e+38 -3.4e+38 -3.4e+38 -3.4e+38 -3.4e+38 -3.4e+38 -3.4e+38 -3.4e+38 -3.4e+38 -3.4e+38 -3.4e+38 -3.4e+38 -3.4e+38 -3.4e+38 -3.4e+38 -3.4e+38 -3.4e+38 -3.4e+38 -3.4e+38 -3.4e+38 -3.4e+38 -3.4e+38 -3.4e+38 -3.4e+38 -3.4e+38 -3.4e+38 -3.4e+38 213 213 219 239 245 246 266 330 302 252 301 404 372 385 389 388 390 403 405 387 362 327 305 298 260 221 210 214 244 242 244 250 259 255 248 233 203 165 143 125 114 98 83 72 65 60 56 54 53 52
-3.4e+38 -3.4e+38 -3.4e+38 -3.4e+38 -3.4e+38 -3.4e+38 -3.4e+38 -3.4e+38 -3.4e+38 -3.4e+38 -3.4e+38 -3.4e+38 -3.4e+38 -3.4e+38 -3.4e+38 -3.4e+38 -3.4e+38 -3.4e+38 -3.4e+38 -3.4e+38 -3.4e+38 -3.4e+38 -3.4e+38 -3.4e+38 -3.4e+38 -3.4e+38 -3.4e+38 -3.4e+38 237 242 222 225 222 227 246 306 250 282 332 361 399 412 421 423 411 397 391 369 331 294 270 238 248 220 223 223 220 231 257 268 261 245 227 207 183 157 139 122 103 87 75 66 62 57 55 54 53
-3.4e+38 -3.4e+38 -3.4e+38 -3.4e+38 -3.4e+38 -3.4e+38 -3.4e+38 -3.4e+38 -3.4e+38 -3.4e+38 -3.4e+38 -3.4e+38 -3.4e+38 -3.4e+38 -3.4e+38 -3.4e+38 -3.4e+38 -3.4e+38 -3.4e+38 -3.4e+38 -3.4e+38 -3.4e+38 -3.4e+38 -3.4e+38 -3.4e+38 -3.4e+38 -3.4e+38 -3.4e+38 245 260 264 245 217 235 228 227 247 247 269 355 406 411 380 397 405 395 389 369 329 300 305 284 285 233 219 240 246 220 245 266 257 240 224 205 186 168 149 129 107 89 78 72 64 59 56 56 56
-3.4e+38 -3.4e+38 -3.4e+38 -3.4e+38 -3.4e+38 -3.4e+38 -3.4e+38 -3.4e+38 -3.4e+38 -3.4e+38 -3.4e+38 -3.4e+38 -3.4e+38 -3.4e+38 -3.4e+38 -3.4e+38 -3.4e+38 -3.4e+38 -3.4e+38 -3.4e+38 -3.4e+38 -3.4e+38 -3.4e+38 -3.4e+38 -3.4e+38 -3.4e+38 -3.4e+38 -3.4e+38 -3.4e+38 250 263 280 235 218 234 286 317 334 290 313 348 361 368 377 394 399 385 366 330 306 306 300 313 305 282 299 297 264 229 258 245 231 217 196 179 170 158 140 120 98 80 73 64 59 57 54 57
-3.4e+38 -3.4e+38 -3.4e+38 -3.4e+38 -3.4e+38 -3.4e+38 -3.4e+38 -3.4e+38 -3.4e+38 -3.4e+38 -3.4e+38 -3.4e+38 -3.4e+38 -3.4e+38 -3.4e+38 -3.4e+38 -3.4e+38 -3.4e+38 -3.4e+38 -3.4e+38 -3.4e+38 -3.4e+38 -3.4e+38 -3.4e+38 -3.4e+38 -3.4e+38 -3.4e+38 -3.4e+38 -3.4e+38 228 246 265 267 284 297 284 264 249 241 242 291 337 345 365 392 383 378 361 340 339 351 367 354 343 334 316 323 288 227 247 232 222 206 190 172 160 155 160 136 105 85 74 66 58 55 54 56
-3.4e+38 -3.4e+38 -3.4e+38 -3.4e+38 -3.4e+38 -3.4e+38 -3.4e+38 -3.4e+38 -3.4e+38 -3.4e+38 -3.4e+38 -3.4e+38 -3.4e+38 -3.4e+38 -3.4e+38 -3.4e+38 -3.4e+38 -3.4e+38 -3.4e+38 -3.4e+38 -3.4e+38 -3.4e+38 -3.4e+38 -3.4e+38 -3.4e+38 -3.4e+38 -3.4e+38 -3.4e+38 -3.4e+38 219 231 240 277 309 330 286 314 318 309 283 280 348 361 354 354 365 366 355 341 331 355 373 368 361 354 343 336 311 224 237 221 211 199 184 167 149 145 147 158 129 94 73 65 59 56 55 59
-3.4e+38 -3.4e+38 -3.4e+38 -3.4e+38 -3.4e+38 -3.4e+38 -3.4e+38 -3.4e+38 -3.4e+38 -3.4e+38 -3.4e+38 -3.4e+38 -3.4e+38 -3.4e+38 -3.4e+38 -3.4e+38 -3.4e+38 -3.4e+38 -3.4e+38 -3.4e+38 -3.4e+38 -3.4e+38 -3.4e+38 -3.4e+38 -3.4e+38 -3.4e+38 -3.4e+38 -3.4e+38 -3.4e+38 -3.4e+38 235 249 266 306 323 325 382 406 475 409 326 330 341 365 370 355 357 353 344 333 341 361 384 381 373 359 344 313 231 232 217 205 190 176 160 146 139 131 128 135 109 72 65 59 56 56 59
-3.4e+38 -3.4e+38 -3.4e+38 -3.4e+38 -3.4e+38 -3.4e+38 -3.4e+38 -3.4e+38 -3.4e+38 -3.4e+38 -3.4e+38 -3.4e+38 -3.4e+38 -3.4e+38 -3.4e+38 -3.4e+38 -3.4e+38 -3.4e+38 -3.4e+38 -3.4e+38 -3.4e+38 -3.4e+38 -3.4e+38 -3.4e+38 -3.4e+38 -3.4e+38 -3.4e+38 -3.4e+38 -3.4e+38 -3.4e+38 228 232 265 265 289 318 340 362 405 385 386 351 343 348 352 362 364 376 402 375 368 389 390 397 387 374 351 253 227 229 214 200 183 170 156 142 130 127 122 123 94 71 66 60 60 59 61
-3.4e+38 -3.4e+38 -3.4e+38 -3.4e+38 -3.4e+38 -3.4e+38 -3.4e+38 -3.4e+38 -3.4e+38 -3.4e+38 -3.4e+38 -3.4e+38 -3.4e+38 -3.4e+38 -3.4e+38 -3.4e+38 -3.4e+38 -3.4e+38 -3.4e+38 -3.4e+38 -3.4e+38 -3.4e+38 -3.4e+38 -3.4e+38 -3.4e+38 -3.4e+38 -3.4e+38 -3.4e+38 -3.4e+38 -3.4e+38 -3.4e+38 -3.4e+38 -3.4e+38 234 262 289 330 329 337 381 377 355 341 354 357 361 366 378 426 399 380 391 393 402 410 390 378 339 231 221 215 195 178 166 153 138 126 121 134 120 88 71 65 61 58 59 59
-3.4e+38 -3.4e+38 -3.4e+38 -3.4e+38 -3.4e+38 -3.4e+38 -3.4e+38 -3.4e+38 -3.4e+38 -3.4e+38 -3.4e+38 -3.4e+38 -3.4e+38 -3.4e+38 -3.4e+38 -3.4e+38 -3.4e+38 -3.4e+38 -3.4e+38 -3.4e+38 -3.4e+38 -3.4e+38 -3.4e+38 -3.4e+38 -3.4e+38 -3.4e+38 -3.4e+38 -3.4e+38 -3.4e+38 -3.4e+38 -3.4e+38 -3.4e+38 -3.4e+38 248 278 291 320 301 325 360 343 357 363 357 362 360 350 371 415 398 403 377 406 408 413 411 405 396 321 220 211 197 176 161 148 135 122 114 121 122 87 70 64 62 58 58 59
-3.4e+38 -3.4e+38 -3.4e+38 -3.4e+38 -3.4e+38 -3.4e+38 -3.4e+38 -3.4e+38 -3.4e+38 -3.4e+38 -3.4e+38 -3.4e+38 -3.4e+38 -3.4e+38 -3.4e+38 -3.4e+38 -3.4e+38 -3.4e+38 -3.4e+38 -3.4e+38 -3.4e+38 -3.4e+38 -3.4e+38 -3.4e+38 -3.4e+38 -3.4e+38 -3.4e+38 -3.4e+38 -3.4e+38 -3.4e+38 -3.4e+38 -3.4e+38 -3.4e+38 -3.4e+38 295 280 275 305 325 315 326 352 343 347 347 343 340 346 346 370 388 384 407 408 418 423 413 403 355 240 209 192 173 158 143 132 119 106 98 90 84 80 65 62 60 59 60
