data/Layers_WA/bio10.asc
NCOLS 376 
NROWS 439 
XLLCORNER -124.708333333333 
YLLCORNER 28 
CELLSIZE 0.0416666666666649 
NODATA_value -3.4e+38 
[rows 204 to 237 of 439, columns 154 to 230 of 376]
104 139 177 205 217 221 221 211 179 169 163 159 162 184 200 234 245 245 243 236 222 217 204 208 215 221 217 209 211 217 222 220 209 198 198 209 215 219 220 218 215 213 210 208 203 195 176 172 193 202 206 210 213 215 215 209 199 206 216 222 225 226 225 219 204 195 189 196 197 208 213 216 211 215 220 226 230
87 114 163 195 215 221 208 187 167 149 151 144 171 205 228 243 246 244 237 222 213 201 179 189 207 215 210 205 208 217 227 225 213 197 192 202 211 217 220 219 218 215 214 213 209 202 183 179 191 200 207 210 205 210 207 200 207 215 219 227 227 227 223 216 207 196 187 193 192 200 205 210 208 219 218 232 230
71 107 141 172 209 220 216 190 154 145 160 168 194 220 238 244 245 240 231 210 205 182 171 190 201 207 212 215 220 224 233 234 229 221 209 203 201 213 221 221 219 216 214 217 214 208 188 179 189 202 209 208 199 204 207 202 210 220 226 228 228 227 223 213 205 198 188 188 188 184 191 206 213 227 232 222 222
61 75 129 163 193 218 221 211 182 171 167 184 209 231 240 243 242 236 228 215 201 193 203 209 211 214 222 226 230 234 238 239 238 234 226 211 192 202 218 221 220 217 218 220 219 213 196 193 200 208 213 210 202 206 211 212 217 223 226 227 228 225 218 197 192 184 181 190 190 171 188 209 222 234 227 223 228
88 60 102 147 179 206 217 221 210 189 179 180 203 223 229 232 230 228 217 208 191 199 217 219 216 219 228 232 236 238 240 240 238 234 228 215 199 199 215 220 219 215 217 222 223 217 202 196 207 212 215 210 199 201 210 215 220 223 224 223 221 216 214 197 199 196 198 205 196 192 211 225 233 241 231 231 231
91 68 89 108 137 172 201 218 220 210 192 179 183 195 203 202 206 209 202 193 201 218 226 225 221 225 230 237 237 232 228 227 229 227 227 220 213 209 214 218 215 215 221 225 226 223 211 205 212 217 218 208 191 191 207 215 218 219 215 208 194 203 210 215 217 214 210 214 194 192 212 230 238 242 232 234 227
124 82 89 107 118 140 179 206 221 220 203 199 193 181 177 162 154 176 184 192 215 227 228 226 224 224 238 238 216 189 194 214 223 222 226 223 215 209 214 218 219 220 225 228 228 228 220 200 217 220 219 209 191 175 199 212 209 209 211 200 180 198 213 221 226 225 224 222 199 207 218 231 239 244 232 231 222
156 114 95 99 114 138 158 191 214 222 221 214 206 194 183 167 157 161 179 194 205 224 225 224 228 237 242 238 221 199 195 218 225 226 222 220 213 213 219 222 223 226 228 228 228 228 220 206 218 222 220 212 191 183 202 213 220 220 214 202 185 182 206 220 229 232 231 225 209 214 223 228 236 243 243 232 218
166 124 100 115 128 146 162 185 197 215 222 215 198 189 193 186 172 168 178 204 220 230 235 237 238 241 242 243 241 237 228 231 231 227 223 221 218 222 225 226 227 227 229 228 228 225 210 205 218 221 220 206 181 185 207 218 226 225 220 205 192 167 198 211 228 233 235 234 226 215 213 214 229 243 248 240 219
182 147 102 116 141 160 197 213 192 216 219 207 185 171 173 182 172 163 189 217 227 232 234 234 231 232 237 242 241 248 237 226 226 227 227 225 219 224 225 226 222 225 227 226 225 215 202 196 215 220 215 185 186 202 213 226 231 231 226 214 200 184 204 213 225 232 236 238 234 222 204 204 224 241 248 244 228
195 147 127 139 172 198 218 211 225 245 242 220 215 204 190 184 187 200 215 224 225 223 222 213 210 215 229 244 250 252 245 224 226 223 226 224 221 223 221 218 215 222 224 220 217 204 194 190 205 217 204 185 204 216 224 232 234 235 233 222 208 198 212 220 226 232 236 239 238 220 187 190 213 234 247 248 234
215 163 150 165 198 220 222 201 238 255 258 251 237 186 197 217 223 227 229 216 209 211 207 198 194 210 230 245 254 256 255 238 228 230 228 223 218 218 213 212 213 217 214 205 204 199 192 190 197 203 194 191 206 222 231 235 237 238 238 236 232 229 225 220 227 231 235 239 241 228 204 202 213 220 241 250 244
226 165 158 166 196 223 202 195 237 256 263 260 254 214 176 232 249 254 251 236 229 221 204 186 192 218 233 245 257 259 259 255 242 242 234 211 210 204 215 208 212 212 208 206 200 196 192 187 188 192 188 198 198 205 228 234 239 239 240 240 239 236 230 221 221 224 232 239 243 240 229 214 220 220 238 249 253
239 208 181 162 171 174 160 189 208 245 267 268 267 246 210 231 262 268 263 248 225 208 186 193 218 238 249 253 260 261 260 258 250 250 246 238 229 218 224 228 223 216 208 205 202 195 190 185 184 186 191 208 205 221 227 235 239 240 234 238 239 235 230 222 216 213 234 241 245 244 231 224 224 228 231 245 255
241 234 214 185 153 149 158 174 187 226 266 272 274 256 234 224 247 275 272 258 235 212 199 210 229 245 254 257 256 261 261 260 258 257 256 251 244 231 234 236 234 228 220 216 215 209 198 195 204 188 202 227 235 241 242 234 232 238 223 233 238 235 232 223 221 215 233 244 248 247 232 234 234 235 238 242 252
242 243 217 191 173 156 172 173 195 226 261 264 273 276 264 244 222 275 281 270 248 228 218 217 223 240 258 250 241 256 260 261 260 259 259 258 251 244 240 241 244 235 226 221 222 222 220 222 217 205 204 231 244 248 243 232 220 231 232 230 235 233 231 229 224 210 223 240 248 248 241 241 234 237 241 243 245
236 245 210 165 158 154 160 185 202 225 232 251 255 275 278 274 222 259 282 282 258 239 231 241 244 253 248 226 226 248 255 259 260 260 256 256 257 253 253 250 243 235 219 205 210 224 228 232 224 215 221 238 247 250 247 236 228 231 239 236 235 229 226 218 204 206 211 226 246 247 249 250 240 243 243 227 243
233 244 227 150 133 146 143 176 191 212 207 229 228 268 274 262 217 245 275 290 283 262 259 257 254 243 221 206 223 239 249 255 258 259 259 254 259 258 259 252 243 233 219 204 203 219 231 237 232 224 233 242 249 252 252 244 236 235 239 237 232 221 217 218 207 210 230 231 240 245 243 258 258 258 251 217 235
236 246 231 172 134 138 117 159 188 210 215 219 211 237 254 237 218 221 268 289 293 294 280 263 254 230 198 185 208 226 242 250 254 257 256 250 259 264 260 251 246 242 235 218 213 221 233 240 233 214 228 242 251 254 255 249 243 238 236 232 229 221 220 226 224 218 241 248 236 239 248 260 262 263 260 221 220
240 248 235 173 131 111 119 160 211 231 231 223 219 214 234 231 192 199 258 284 278 298 298 284 260 219 194 176 199 221 236 244 249 255 248 242 258 267 264 256 250 237 239 236 231 226 238 222 221 216 235 236 249 256 257 252 249 243 240 228 223 227 237 247 237 225 244 256 251 233 253 263 264 264 261 222 210
240 249 247 206 163 130 121 161 222 255 254 244 226 210 254 240 177 205 253 258 247 283 306 306 285 252 210 188 187 202 224 234 238 247 241 254 264 271 266 257 256 247 232 222 226 244 242 212 211 211 235 247 238 250 256 253 246 254 245 232 225 232 247 257 252 224 243 258 260 242 236 259 262 264 262 232 211
235 249 252 233 195 158 157 210 251 272 278 274 251 241 274 235 179 181 238 205 196 259 298 316 310 290 253 220 217 205 219 245 253 259 263 270 275 265 251 251 264 262 248 235 250 256 243 234 238 227 237 247 249 259 264 255 257 263 253 225 222 231 247 262 261 228 245 257 260 248 235 241 237 246 256 238 207
221 246 252 249 228 186 161 213 260 286 291 287 278 284 284 239 214 201 227 203 194 230 278 318 328 326 305 268 253 248 219 244 260 268 274 280 283 264 237 251 270 270 261 247 260 268 258 252 255 250 237 240 252 265 269 271 272 270 262 243 238 227 234 263 265 225 243 257 260 246 224 224 227 234 246 233 199
211 241 252 254 251 219 144 162 234 294 300 299 301 289 249 230 250 238 235 200 183 211 267 314 333 337 333 306 264 243 243 235 254 268 277 282 285 284 273 254 278 277 272 259 264 274 272 269 266 261 252 247 254 260 271 275 276 273 264 256 244 227 235 266 270 232 244 258 261 253 232 235 215 225 232 218 194
202 230 247 253 256 241 156 149 203 284 305 307 308 301 272 247 263 251 245 204 196 224 282 314 334 340 342 340 306 289 261 258 257 261 273 281 287 289 289 279 285 283 280 272 272 279 278 274 271 262 238 240 250 262 273 275 273 262 247 245 244 239 253 271 270 254 246 256 260 254 246 245 227 219 216 202 203
185 217 239 252 255 253 187 126 167 232 299 308 309 310 302 285 260 259 237 229 209 243 278 315 338 342 343 345 338 324 300 296 283 258 263 273 283 291 292 292 289 288 284 284 283 283 281 268 263 262 254 260 261 267 269 268 264 254 246 246 239 252 268 272 272 237 247 261 258 249 238 243 230 208 193 185 209
137 202 229 245 254 257 229 150 143 195 265 307 309 310 309 301 265 262 243 241 223 239 273 309 335 341 344 346 346 339 329 323 315 275 248 263 281 292 293 294 295 293 289 290 289 287 285 278 275 273 269 267 266 264 255 254 249 240 242 250 254 265 272 273 266 240 261 265 256 239 238 241 221 187 155 179 207
107 179 214 229 239 257 255 209 133 164 195 267 290 297 302 301 278 256 235 234 246 239 276 310 328 339 345 347 348 348 343 338 339 326 295 273 278 290 293 291 296 296 295 293 292 290 285 281 276 271 262 260 269 271 269 259 238 237 240 248 261 269 272 272 264 256 268 270 264 238 239 229 206 167 153 178 198
72 145 197 218 236 255 257 241 176 154 156 180 232 229 248 278 275 237 208 218 235 253 280 302 322 340 344 345 346 348 352 353 351 344 330 305 284 283 289 290 298 297 297 295 294 293 289 287 287 282 270 264 269 275 274 265 260 261 260 258 262 270 272 270 267 268 271 271 264 248 242 222 183 162 176 190 198
62 91 157 207 230 249 257 258 243 206 184 153 193 208 202 215 243 229 193 193 218 245 269 290 315 330 329 308 291 324 348 355 357 355 347 327 293 266 267 279 299 299 298 297 296 295 293 291 291 291 287 284 281 273 262 255 258 261 263 266 266 266 266 267 269 271 272 271 263 258 243 216 170 176 202 206 207
70 68 94 154 211 240 258 260 261 253 232 193 163 187 205 211 201 209 213 207 227 255 259 268 303 313 298 243 237 286 334 356 358 359 349 323 286 268 250 253 293 300 299 298 298 297 295 294 294 294 292 289 284 265 245 234 241 248 251 254 255 252 249 255 260 267 270 271 269 264 254 229 186 199 220 216 208
84 75 92 106 153 223 257 259 260 261 257 234 193 188 209 219 223 222 264 276 272 254 232 240 275 292 278 238 230 272 314 350 358 360 353 329 292 267 249 241 271 300 300 299 299 299 298 296 295 295 293 290 282 264 237 203 219 225 233 235 238 236 239 240 244 252 260 266 271 272 266 247 218 230 232 217 207
104 95 100 104 155 216 257 260 261 261 261 249 199 181 214 224 228 239 272 298 306 289 223 205 245 255 256 227 230 282 322 341 355 359 355 340 321 290 263 263 257 293 299 300 300 300 300 295 291 290 291 286 276 266 250 217 189 188 204 192 216 220 221 223 218 234 246 256 269 275 274 265 256 247 236 230 224
112 113 112 106 139 201 255 259 260 260 257 247 222 193 219 231 237 245 272 307 310 309 281 241 227 201 227 236 230 264 300 334 356 358 357 332 324 313 293 266 242 267 287 296 301 301 301 298 295 280 280 277 263 272 264 247 214 180 188 181 175 192 197 200 207 221 232 249 264 275 277 275 270 255 226 234 252
