data/Layers_WA/bio18.asc
NCOLS 376 
NROWS 439 
XLLCORNER -124.708333333333 
YLLCORNER 28 
CELLSIZE 0.0416666666666649 
NODATA_value -3.4e+38 
[rows 111 to 147 of 439, columns 0 to 81 of 376]
-3.4e+38 -3.4e+38 -3.4e+38 -3.4e+38 -3.4e+38 -3.4e+38 -3.4e+38 -3.4e+38 -3.4e+38 -3.4e+38 -3.4e+38 -3.4e+38 -3.4e+38 83 83 81 78 75 73 72 71 68 67 68 73 67 60 61 58 55 53 44 57 44 57 71 63 47 41 45 43 38 38 38 39 43 44 44 48 46 45 44 43 43 43 43 43 45 54 56 51 51 49 49 48 47 47 47 47 49 50 50 53 50 55 51 51 55 49 46 46 45
-3.4e+38 -3.4e+38 -3.4e+38 -3.4e+38 -3.4e+38 -3.4e+38 -3.4e+38 -3.4e+38 -3.4e+38 -3.4e+38 -3.4e+38 -3.4e+38 -3.4e+38 -3.4e+38 82 80 79 75 72 71 71 71 67 73 70 63 60 62 55 55 54 56 65 63 58 68 68 57 58 70 51 37 38 37 36 40 40 43 48 53 47 44 43 43 43 43 43 43 45 50 51 52 49 50 50 49 48 48 49 49 47 54 51 58 59 61 59 51 50 48 46 45
-3.4e+38 -3.4e+38 -3.4e+38 -3.4e+38 -3.4e+38 -3.4e+38 -3.4e+38 -3.4e+38 -3.4e+38 -3.4e+38 -3.4e+38 -3.4e+38 -3.4e+38 -3.4e+38 81 81 77 76 73 70 69 69 71 70 69 64 60 58 54 58 55 59 70 68 65 67 67 66 74 64 49 39 36 36 36 37 42 45 46 49 45 42 43 43 43 43 43 43 44 47 50 53 53 52 55 53 50 50 53 52 52 53 54 56 58 57 57 51 51 48 45 45
-3.4e+38 -3.4e+38 -3.4e+38 -3.4e+38 -3.4e+38 -3.4e+38 -3.4e+38 -3.4e+38 -3.4e+38 -3.4e+38 -3.4e+38 -3.4e+38 -3.4e+38 -3.4e+38 -3.4e+38 78 77 76 72 72 69 67 68 67 64 64 59 59 54 55 62 66 68 64 47 58 57 66 67 61 54 45 37 34 36 38 47 50 47 49 45 42 42 43 43 42 43 44 47 48 51 66 60 55 55 60 54 55 50 51 50 56 54 49 51 50 57 52 52 45 45 45
-3.4e+38 -3.4e+38 -3.4e+38 -3.4e+38 -3.4e+38 -3.4e+38 -3.4e+38 -3.4e+38 -3.4e+38 -3.4e+38 -3.4e+38 -3.4e+38 -3.4e+38 -3.4e+38 -3.4e+38 76 76 73 71 69 69 66 65 64 64 65 60 58 53 53 60 60 49 57 44 54 58 67 64 64 60 57 48 36 36 38 44 51 50 50 45 45 45 43 42 42 45 47 53 55 59 57 56 56 54 59 53 55 53 53 51 51 51 53 52 53 52 52 48 45 45 45
-3.4e+38 -3.4e+38 -3.4e+38 -3.4e+38 -3.4e+38 -3.4e+38 -3.4e+38 -3.4e+38 -3.4e+38 -3.4e+38 -3.4e+38 -3.4e+38 -3.4e+38 -3.4e+38 -3.4e+38 75 74 72 69 68 66 65 65 65 64 64 63 61 54 53 56 53 42 42 54 66 65 56 47 58 65 58 48 39 37 42 42 48 50 50 52 58 50 45 42 44 45 50 61 83 90 71 57 57 53 56 51 51 51 51 51 49 49 49 49 49 49 49 48 46 46 45
-3.4e+38 -3.4e+38 -3.4e+38 -3.4e+38 -3.4e+38 -3.4e+38 -3.4e+38 -3.4e+38 -3.4e+38 -3.4e+38 -3.4e+38 -3.4e+38 -3.4e+38 -3.4e+38 -3.4e+38 73 72 70 68 67 67 68 70 65 64 64 60 59 54 51 52 51 46 59 66 67 60 58 47 59 60 61 58 43 38 39 45 45 45 49 58 70 55 52 46 45 47 51 63 96 106 73 57 52 50 48 48 49 53 53 49 49 49 47 46 46 47 47 47 46 46 45
-3.4e+38 -3.4e+38 -3.4e+38 -3.4e+38 -3.4e+38 -3.4e+38 -3.4e+38 -3.4e+38 -3.4e+38 -3.4e+38 -3.4e+38 -3.4e+38 -3.4e+38 -3.4e+38 -3.4e+38 71 69 69 67 65 65 65 67 62 64 61 56 56 54 53 52 50 46 64 66 66 46 46 56 45 48 70 55 43 41 41 46 43 47 53 64 67 64 65 53 47 47 49 55 66 70 60 53 51 48 47 45 53 56 53 49 49 49 47 45 45 47 47 47 46 46 45
-3.4e+38 -3.4e+38 -3.4e+38 -3.4e+38 -3.4e+38 -3.4e+38 -3.4e+38 -3.4e+38 -3.4e+38 -3.4e+38 -3.4e+38 -3.4e+38 -3.4e+38 -3.4e+38 66 68 67 67 66 65 62 65 66 62 60 58 59 51 50 58 56 42 43 45 54 54 41 43 49 42 54 65 66 49 43 41 43 44 50 58 64 56 67 73 61 49 45 45 49 52 54 51 48 46 45 45 45 46 49 50 50 51 48 47 44 44 51 48 47 47 47 45
-3.4e+38 -3.4e+38 -3.4e+38 -3.4e+38 -3.4e+38 -3.4e+38 -3.4e+38 -3.4e+38 -3.4e+38 -3.4e+38 -3.4e+38 -3.4e+38 -3.4e+38 -3.4e+38 65 67 66 67 65 65 61 60 59 63 59 55 53 50 54 60 61 52 42 41 42 46 55 47 46 48 65 67 70 58 49 49 59 57 56 51 50 56 65 62 54 48 45 43 44 49 47 43 43 43 43 44 45 46 46 47 50 51 47 47 44 44 44 48 49 49 49 46
-3.4e+38 -3.4e+38 -3.4e+38 -3.4e+38 -3.4e+38 -3.4e+38 -3.4e+38 -3.4e+38 -3.4e+38 -3.4e+38 -3.4e+38 -3.4e+38 -3.4e+38 -3.4e+38 63 66 64 66 66 63 63 62 57 62 59 53 57 54 55 60 64 56 55 42 41 42 44 55 57 54 55 61 64 61 65 65 69 60 52 44 53 62 62 58 56 56 52 48 41 45 45 41 42 42 43 46 47 48 48 47 51 48 48 46 44 43 43 42 41 43 51 50
-3.4e+38 -3.4e+38 -3.4e+38 -3.4e+38 -3.4e+38 -3.4e+38 -3.4e+38 -3.4e+38 -3.4e+38 -3.4e+38 -3.4e+38 -3.4e+38 -3.4e+38 59 61 66 63 62 63 63 63 63 57 56 53 58 60 57 57 56 64 66 59 45 45 42 44 46 46 44 57 67 69 66 63 68 63 58 52 44 53 57 60 62 57 50 51 44 42 46 44 42 42 43 47 51 54 56 56 53 53 49 48 47 44 43 41 41 41 40 45 52
-3.4e+38 -3.4e+38 -3.4e+38 -3.4e+38 -3.4e+38 -3.4e+38 -3.4e+38 -3.4e+38 -3.4e+38 -3.4e+38 -3.4e+38 -3.4e+38 -3.4e+38 59 59 62 66 64 60 63 64 62 58 59 53 59 57 58 65 62 62 66 64 59 57 44 44 43 43 47 59 68 64 62 56 59 60 50 42 44 51 51 51 56 55 47 43 42 45 48 43 43 45 45 50 56 51 47 47 48 53 54 53 48 44 41 40 41 40 40 41 51
-3.4e+38 -3.4e+38 -3.4e+38 -3.4e+38 -3.4e+38 -3.4e+38 -3.4e+38 -3.4e+38 -3.4e+38 -3.4e+38 -3.4e+38 -3.4e+38 -3.4e+38 60 60 60 60 63 61 59 64 63 58 53 51 56 56 62 65 69 62 56 56 56 64 59 54 54 44 44 47 65 59 57 57 47 45 45 42 57 52 48 55 60 58 47 42 43 48 44 43 45 45 47 47 49 44 45 50 53 55 53 50 45 44 41 40 40 40 39 39 40
-3.4e+38 -3.4e+38 -3.4e+38 -3.4e+38 -3.4e+38 -3.4e+38 -3.4e+38 -3.4e+38 -3.4e+38 -3.4e+38 -3.4e+38 -3.4e+38 -3.4e+38 56 57 58 59 59 61 58 57 63 61 56 49 54 56 57 63 68 63 56 54 53 60 62 60 58 61 55 47 59 59 65 70 60 54 42 40 47 46 57 56 57 49 42 42 42 45 45 43 44 47 48 44 43 43 43 45 51 55 50 44 41 44 46 40 40 40 39 38 40
-3.4e+38 -3.4e+38 -3.4e+38 -3.4e+38 -3.4e+38 -3.4e+38 -3.4e+38 -3.4e+38 -3.4e+38 -3.4e+38 -3.4e+38 -3.4e+38 -3.4e+38 -3.4e+38 52 52 54 56 61 59 57 61 64 60 55 47 51 52 55 62 62 60 41 56 45 54 58 52 57 73 67 69 65 69 65 68 53 42 40 40 41 46 47 49 43 41 42 44 49 44 44 46 50 44 44 43 43 43 46 52 49 45 40 40 40 40 43 42 40 39 39 38
-3.4e+38 -3.4e+38 -3.4e+38 -3.4e+38 -3.4e+38 -3.4e+38 -3.4e+38 -3.4e+38 -3.4e+38 -3.4e+38 -3.4e+38 -3.4e+38 -3.4e+38 -3.4e+38 49 50 53 57 58 66 55 60 63 64 60 50 52 52 58 59 59 54 41 42 55 62 58 44 62 77 71 65 62 69 66 54 46 40 39 40 44 48 46 41 41 42 42 44 46 44 43 44 45 44 45 44 45 45 45 50 44 43 45 39 38 37 37 40 40 40 40 39
-3.4e+38 -3.4e+38 -3.4e+38 -3.4e+38 -3.4e+38 -3.4e+38 -3.4e+38 -3.4e+38 -3.4e+38 -3.4e+38 -3.4e+38 -3.4e+38 -3.4e+38 47 47 49 49 58 54 56 59 57 63 61 56 50 51 57 57 59 57 49 51 54 56 68 58 43 56 71 62 62 55 72 66 52 41 41 40 40 44 47 43 41 40 40 41 43 43 43 44 44 44 44 45 45 45 45 52 51 50 44 42 39 38 38 39 41 41 40 41 41
-3.4e+38 -3.4e+38 -3.4e+38 -3.4e+38 -3.4e+38 -3.4e+38 -3.4e+38 -3.4e+38 -3.4e+38 -3.4e+38 -3.4e+38 -3.4e+38 -3.4e+38 45 45 47 44 51 53 57 61 55 62 61 59 55 47 48 51 56 49 52 54 57 61 61 55 40 41 59 52 59 43 60 55 41 39 41 40 42 47 43 43 41 42 40 41 43 43 42 44 44 44 45 45 45 45 47 54 58 52 46 41 38 38 38 39 41 43 45 47 47
-3.4e+38 -3.4e+38 -3.4e+38 -3.4e+38 -3.4e+38 -3.4e+38 -3.4e+38 -3.4e+38 -3.4e+38 -3.4e+38 -3.4e+38 -3.4e+38 43 43 41 44 51 45 50 57 61 60 57 66 61 56 53 48 51 49 50 53 55 56 50 55 53 37 40 43 43 62 53 40 37 37 36 38 41 43 42 42 44 40 40 40 40 41 41 43 45 43 44 44 43 45 45 47 53 54 55 48 44 48 45 42 39 43 44 47 49 55
-3.4e+38 -3.4e+38 -3.4e+38 -3.4e+38 -3.4e+38 -3.4e+38 -3.4e+38 -3.4e+38 -3.4e+38 -3.4e+38 -3.4e+38 -3.4e+38 41 41 41 45 50 55 47 48 58 64 59 61 66 61 57 48 55 49 54 50 49 50 50 54 53 35 35 37 54 63 56 38 38 37 36 38 41 42 40 42 42 41 40 38 40 40 41 44 43 43 42 43 44 45 45 47 54 57 56 54 52 64 59 52 43 40 44 53 53 56
-3.4e+38 -3.4e+38 -3.4e+38 -3.4e+38 -3.4e+38 -3.4e+38 -3.4e+38 -3.4e+38 -3.4e+38 -3.4e+38 -3.4e+38 41 41 41 41 43 51 58 53 45 52 62 65 59 66 63 58 50 56 55 51 53 35 34 35 37 49 34 33 33 39 41 38 37 37 37 36 41 42 40 38 40 42 42 40 38 38 40 40 40 40 40 42 44 43 44 44 47 55 62 62 58 55 59 57 57 51 41 42 51 53 59
-3.4e+38 -3.4e+38 -3.4e+38 -3.4e+38 -3.4e+38 -3.4e+38 -3.4e+38 -3.4e+38 -3.4e+38 -3.4e+38 42 41 42 43 45 45 50 61 62 54 54 63 67 64 62 58 57 51 51 58 59 57 54 53 34 33 34 51 49 32 33 37 32 36 35 35 37 40 39 37 37 41 41 40 38 38 40 40 41 39 39 40 42 42 43 44 44 48 54 60 63 59 59 63 66 68 62 47 45 52 54 57
-3.4e+38 -3.4e+38 -3.4e+38 -3.4e+38 -3.4e+38 -3.4e+38 -3.4e+38 -3.4e+38 -3.4e+38 -3.4e+38 43 42 44 44 44 46 49 57 59 62 52 62 67 66 65 61 59 56 49 53 56 54 54 53 52 53 51 53 52 35 32 34 33 33 33 35 37 39 36 35 37 37 39 38 37 38 37 37 38 38 38 38 39 40 42 43 43 45 49 54 58 59 63 67 70 68 67 58 52 52 56 56
-3.4e+38 -3.4e+38 -3.4e+38 -3.4e+38 -3.4e+38 -3.4e+38 -3.4e+38 -3.4e+38 -3.4e+38 44 42 42 44 48 53 55 55 53 60 62 59 54 56 58 61 63 64 64 54 47 51 50 49 48 49 57 54 51 54 46 32 32 31 33 38 38 37 37 36 35 35 36 37 36 35 36 36 36 36 35 35 36 36 37 38 39 41 41 43 48 54 62 65 67 67 64 63 54 51 51 59 58
-3.4e+38 -3.4e+38 -3.4e+38 -3.4e+38 -3.4e+38 -3.4e+38 -3.4e+38 -3.4e+38 45 44 43 42 41 41 46 55 58 51 57 55 58 59 62 63 59 59 59 65 59 49 47 51 50 49 47 49 51 47 46 35 46 32 32 32 35 37 37 39 51 54 36 35 36 35 34 35 35 35 35 35 35 35 35 36 38 39 40 41 42 45 50 59 64 66 66 64 61 56 58 63 65 61
-3.4e+38 -3.4e+38 -3.4e+38 -3.4e+38 -3.4e+38 -3.4e+38 -3.4e+38 -3.4e+38 47 48 47 43 41 39 43 44 51 53 53 61 63 62 61 62 61 59 59 58 63 53 49 52 55 54 49 33 32 32 32 34 51 50 32 34 36 51 55 52 51 51 39 34 34 34 34 33 34 34 34 34 33 34 34 34 36 38 40 40 42 49 50 50 53 60 65 67 65 64 65 65 65 64
-3.4e+38 -3.4e+38 -3.4e+38 -3.4e+38 -3.4e+38 -3.4e+38 -3.4e+38 49 52 54 56 52 46 41 41 43 43 48 56 57 60 57 52 56 60 59 57 57 61 59 50 57 55 55 52 44 31 45 47 47 48 47 32 46 48 52 50 35 33 34 34 33 33 33 32 33 33 34 34 33 33 34 34 35 36 38 40 42 46 47 47 48 50 57 64 67 68 67 65 66 63 63
-3.4e+38 -3.4e+38 -3.4e+38 -3.4e+38 -3.4e+38 -3.4e+38 -3.4e+38 49 52 55 55 58 54 49 44 48 49 46 48 49 52 52 50 57 57 58 58 56 55 61 52 49 54 54 52 51 44 44 44 44 49 55 48 46 47 34 35 33 30 30 30 30 31 31 31 32 32 31 31 31 31 31 33 34 36 38 40 42 42 43 45 47 51 59 67 70 74 71 66 64 64 63
-3.4e+38 -3.4e+38 -3.4e+38 -3.4e+38 -3.4e+38 -3.4e+38 -3.4e+38 52 55 55 54 56 57 59 57 50 46 42 46 51 56 58 54 59 57 57 60 60 53 55 55 52 57 54 52 49 48 44 44 47 53 54 48 43 29 28 28 30 29 29 29 29 30 30 30 31 30 30 30 29 29 30 31 32 32 32 34 35 37 38 41 44 51 60 67 71 67 68 64 62 59 63
-3.4e+38 -3.4e+38 -3.4e+38 -3.4e+38 -3.4e+38 -3.4e+38 -3.4e+38 52 55 62 62 59 61 61 61 60 58 53 45 49 54 53 52 56 60 60 57 59 54 55 53 50 53 50 47 47 50 55 50 46 48 46 45 30 29 28 26 28 28 28 28 28 27 27 27 28 29 29 29 28 28 28 29 30 30 32 32 33 35 36 41 49 57 61 65 65 61 62 61 60 57 54
-3.4e+38 -3.4e+38 -3.4e+38 -3.4e+38 -3.4e+38 -3.4e+38 -3.4e+38 -3.4e+38 51 52 53 57 59 63 64 59 51 49 49 46 49 58 56 52 53 55 58 61 58 55 52 55 56 48 51 52 53 56 51 50 45 29 29 28 27 26 26 26 27 27 26 26 26 27 27 27 27 27 27 27 26 27 27 27 29 32 33 32 34 35 36 40 48 55 56 58 55 56 56 56 52 48
-3.4e+38 -3.4e+38 -3.4e+38 -3.4e+38 -3.4e+38 -3.4e+38 -3.4e+38 -3.4e+38 51 49 50 50 57 59 59 59 54 59 51 49 51 47 47 50 52 51 58 62 61 56 52 50 50 56 50 47 47 55 53 52 45 43 28 41 28 25 26 26 25 25 26 26 26 26 26 26 26 26 26 24 24 24 26 27 28 30 31 32 33 34 35 40 50 63 58 52 53 53 50 52 55 50
-3.4e+38 -3.4e+38 -3.4e+38 -3.4e+38 -3.4e+38 -3.4e+38 -3.4e+38 -3.4e+38 53 58 59 50 52 55 57 61 59 59 57 50 47 49 53 46 49 50 53 56 61 57 52 52 50 51 59 53 47 48 47 53 55 51 43 44 41 26 25 25 26 25 25 25 24 24 25 25 23 23 23 23 22 24 26 28 29 29 29 31 33 32 34 35 44 57 61 46 53 50 45 46 47 47
-3.4e+38 -3.4e+38 -3.4e+38 -3.4e+38 -3.4e+38 -3.4e+38 -3.4e+38 -3.4e+38 53 55 57 56 55 52 52 52 54 59 54 51 49 47 51 49 48 44 46 48 54 56 52 48 48 47 49 51 49 48 46 49 53 55 51 51 44 27 25 24 24 24 25 24 24 24 23 23 23 22 22 22 22 22 24 25 26 27 27 29 29 30 32 34 37 39 42 48 47 42 50 58 54 44
-3.4e+38 -3.4e+38 -3.4e+38 -3.4e+38 -3.4e+38 -3.4e+38 -3.4e+38 -3.4e+38 -3.4e+38 -3.4e+38 55 58 62 59 57 52 52 54 57 52 53 52 48 53 54 45 44 47 47 51 52 46 45 47 46 46 48 51 47 49 57 64 61 55 48 27 25 24 24 24 24 23 23 22 22 21 21 21 20 20 20 21 22 24 25 27 27 29 30 29 29 31 29 30 36 38 36 49 58 59 52 43
-3.4e+38 -3.4e+38 -3.4e+38 -3.4e+38 -3.4e+38 -3.4e+38 -3.4e+38 -3.4e+38 -3.4e+38 -3.4e+38 -3.4e+38 51 55 59 62 57 53 52 54 53 50 48 51 54 54 50 44 48 51 51 50 45 44 45 48 46 47 51 52 54 55 58 50 50 51 52 42 24 23 23 22 22 22 21 21 20 20 20 19 19 19 19 19 22 25 25 27 28 28 28 29 27 29 27 29 33 46 55 58 59 55 43
