data/Layers_WA/bio17.asc
NCOLS 376 
NROWS 439 
XLLCORNER -124.708333333333 
YLLCORNER 28 
CELLSIZE 0.0416666666666649 
NODATA_value -3.4e+38 
[rows 222 to 258 of 439, columns 249 to 331 of 376]
28 27 28 28 28 27 25 -3.4e+38 -3.4e+38 -3.4e+38 -3.4e+38 -3.4e+38 -3.4e+38 -3.4e+38 -3.4e+38 -3.4e+38 -3.4e+38 -3.4e+38 -3.4e+38 -3.4e+38 -3.4e+38 -3.4e+38 -3.4e+38 -3.4e+38 -3.4e+38 -3.4e+38 -3.4e+38 -3.4e+38 -3.4e+38 -3.4e+38 -3.4e+38 -3.4e+38 -3.4e+38 -3.4e+38 -3.4e+38 -3.4e+38 -3.4e+38 -3.4e+38 -3.4e+38 -3.4e+38 -3.4e+38 -3.4e+38 -3.4e+38 -3.4e+38 -3.4e+38 -3.4e+38 -3.4e+38 -3.4e+38 -3.4e+38 -3.4e+38 -3.4e+38 -3.4e+38 -3.4e+38 -3.4e+38 -3.4e+38 -3.4e+38 -3.4e+38 -3.4e+38 -3.4e+38 -3.4e+38 -3.4e+38 -3.4e+38 -3.4e+38 -3.4e+38 -3.4e+38 -3.4e+38 -3.4e+38 -3.4e+38 -3.4e+38 -3.4e+38 -3.4e+38 -3.4e+38 -3.4e+38 -3.4e+38 -3.4e+38 -3.4e+38 -3.4e+38 -3.4e+38 -3.4e+38 -3.4e+38 -3.4e+38 -3.4e+38 -3.4e+38
29 25 25 25 25 25 24 24 23 24 24 31 31 31 30 31 29 29 29 30 31 33 35 35 42 48 48 49 52 53 50 50 51 56 54 54 57 57 53 53 48 47 45 45 45 45 44 43 42 42 42 44 47 47 43 37 36 33 33 31 29 27 30 30 24 20 18 18 20 18 17 16 16 16 16 16 17 19 25 26 19 25 29
32 25 23 23 23 23 23 23 23 22 22 28 25 31 41 36 34 34 31 34 37 39 40 40 49 49 47 49 52 53 53 50 49 50 50 51 58 54 52 48 47 45 44 43 44 43 43 42 42 42 44 49 49 47 41 40 40 38 36 36 33 32 30 27 24 20 18 18 18 16 15 15 15 16 17 16 18 18 20 25 20 23 28
31 25 23 22 22 23 22 22 22 20 22 33 37 46 47 38 44 46 38 45 44 42 46 47 51 49 48 48 50 50 50 50 49 50 50 51 54 50 46 45 45 43 42 42 42 43 44 44 44 45 48 51 51 51 43 41 41 42 40 39 36 36 37 36 26 20 18 18 15 15 15 16 18 16 16 18 18 19 20 20 22 23 25
25 23 22 19 22 19 19 20 20 20 25 44 46 54 56 46 45 50 46 51 49 45 44 43 51 50 47 47 48 49 49 49 49 49 47 47 46 45 44 43 42 41 41 43 44 44 45 46 46 48 52 55 53 54 45 42 42 45 43 42 40 41 40 36 23 21 18 18 18 18 17 18 21 19 16 16 18 18 19 20 20 21 23
22 21 19 19 20 19 19 19 19 23 34 56 52 61 57 46 51 57 51 56 51 44 44 42 47 51 50 48 48 48 48 49 50 50 48 47 45 44 43 41 41 41 43 44 45 46 46 48 48 55 59 59 59 55 43 46 46 46 45 44 43 45 37 24 21 20 20 20 21 22 21 20 23 22 19 19 20 23 23 23 23 23 23
19 19 18 17 17 17 19 19 21 29 48 59 62 53 54 48 50 54 50 49 48 44 43 42 42 50 50 48 48 48 48 48 50 50 50 48 44 43 42 41 41 41 44 45 46 47 48 50 52 63 64 63 60 50 39 46 48 49 46 45 46 37 24 21 20 23 26 27 26 26 23 23 23 24 22 20 20 23 25 25 25 25 25
17 17 17 17 19 21 23 23 25 35 47 50 47 44 46 48 48 48 48 49 48 47 44 42 42 47 50 50 48 47 47 47 48 50 47 45 44 44 43 43 43 43 45 46 47 48 50 52 60 66 67 65 63 52 41 36 34 33 37 46 42 24 23 21 20 30 29 27 27 29 27 26 24 26 24 23 23 23 25 25 26 28 28
16 16 19 23 24 27 29 29 37 39 41 43 41 40 40 47 48 47 47 48 48 48 45 43 42 44 51 51 48 47 47 47 47 47 45 45 44 44 44 44 41 44 45 48 50 50 52 54 66 69 69 70 66 51 47 37 33 31 30 29 26 24 24 24 27 33 32 30 29 29 30 29 26 27 27 24 23 25 25 27 28 29 27
15 17 21 27 33 45 48 43 39 35 38 39 42 36 39 43 47 48 48 48 48 47 47 45 44 43 51 51 48 47 47 47 47 47 45 45 45 44 44 44 43 40 46 48 50 52 56 60 69 71 71 72 68 54 50 41 33 31 29 28 26 26 26 27 28 36 35 33 31 29 31 31 29 27 27 25 24 26 27 29 29 29 29
15 18 21 26 40 56 51 37 33 31 35 38 37 38 42 44 47 48 49 49 49 47 47 45 44 45 52 51 51 51 47 47 47 47 46 45 45 46 44 41 43 40 48 50 52 55 60 64 69 71 72 74 68 60 54 47 34 31 30 29 28 27 28 28 31 37 36 36 33 31 31 31 29 27 27 26 26 28 28 29 32 33 33
15 19 19 23 33 42 46 33 32 31 30 32 33 33 44 46 49 49 49 49 49 47 47 45 49 55 53 51 51 51 49 48 48 48 48 47 46 42 41 39 34 43 46 49 52 56 61 64 69 71 74 74 71 65 56 45 35 33 31 31 29 29 31 31 30 34 40 37 34 29 29 31 32 32 32 29 29 29 29 35 35 35 33
15 17 18 21 24 29 37 30 29 27 27 27 28 32 36 42 47 51 49 50 49 48 48 45 53 55 55 52 51 51 51 50 49 49 48 48 48 46 47 43 34 40 37 47 54 56 62 66 69 71 74 74 74 70 60 48 37 34 33 29 31 32 33 34 35 31 40 38 36 31 29 29 30 32 33 31 30 31 31 34 35 31 31
14 15 18 19 21 23 31 27 26 24 24 24 26 36 46 46 46 51 51 49 48 48 46 45 52 55 55 55 55 54 51 52 52 49 49 48 48 48 48 45 34 34 38 51 55 58 63 66 69 71 74 76 74 72 63 49 38 37 33 31 33 33 34 36 36 33 33 37 33 31 29 29 29 30 30 29 30 31 33 35 33 30 29
13 15 17 18 18 21 21 22 23 22 22 23 27 37 49 51 51 49 51 49 49 48 46 46 48 55 54 55 55 53 49 52 52 52 50 49 48 48 48 45 32 36 43 40 43 54 59 66 69 71 74 76 75 74 60 46 41 38 37 30 33 35 37 35 36 36 33 37 33 29 28 27 29 29 29 29 29 30 31 31 29 29 29
13 17 21 21 23 21 18 18 21 19 21 23 28 37 47 55 53 50 51 54 53 48 47 46 48 55 56 57 62 55 45 52 52 52 48 50 49 47 47 46 35 34 31 31 34 37 45 61 69 71 72 75 76 75 67 49 42 41 30 33 37 37 36 36 36 37 36 33 31 27 27 27 27 29 30 30 29 29 30 29 28 27 26
15 21 23 29 24 22 21 18 17 18 19 22 31 37 42 53 51 49 48 47 47 46 47 46 46 53 59 62 58 52 44 49 52 50 39 47 50 43 36 32 32 37 45 47 40 37 47 58 66 69 71 74 75 75 75 60 51 45 33 34 38 37 37 37 37 37 36 33 30 29 29 26 26 29 30 31 29 29 29 29 26 26 26
16 21 24 28 27 24 20 16 16 18 18 22 35 36 37 45 49 49 49 47 47 47 43 46 46 42 44 54 55 45 43 52 52 45 36 38 43 34 32 35 34 46 47 41 37 41 54 53 57 61 66 71 72 74 75 72 59 47 37 33 40 38 37 37 36 34 33 33 30 29 28 26 26 26 29 29 29 29 29 28 26 26 26
17 22 25 29 33 28 18 15 15 17 18 22 33 36 40 47 47 49 49 47 48 47 46 43 40 42 38 55 56 40 44 44 46 36 34 34 34 38 31 37 46 48 47 34 37 47 47 37 32 45 64 67 69 68 70 70 59 34 27 29 37 38 37 35 34 33 30 33 30 29 28 26 26 26 29 27 27 27 27 27 26 26 26
16 21 26 32 31 24 18 14 16 17 18 22 31 35 45 50 49 47 48 50 49 43 43 46 37 42 36 49 47 39 39 37 36 36 35 39 47 41 40 34 45 50 49 40 37 34 37 27 31 44 61 46 55 67 67 62 65 45 34 30 30 40 37 34 33 29 29 30 29 28 26 27 27 26 26 26 26 26 26 26 25 26 28
16 22 24 30 22 18 15 14 15 16 18 28 38 43 44 49 49 47 51 51 50 41 31 33 32 36 31 37 35 31 36 44 37 45 34 46 50 45 41 37 34 41 49 51 45 33 45 42 27 36 37 33 51 63 57 51 65 62 38 30 26 36 36 29 29 29 29 29 29 27 25 27 27 27 26 25 26 25 25 25 25 26 26
14 24 25 21 18 12 14 16 12 15 25 31 35 44 49 49 48 48 50 51 52 50 34 28 31 34 28 28 37 39 43 51 40 43 46 50 48 48 43 46 34 38 45 49 49 48 53 50 27 26 27 34 43 54 56 59 61 59 38 26 26 39 34 32 29 29 27 27 27 25 23 24 26 26 25 25 25 24 24 24 25 26 26
12 14 16 16 13 12 18 14 14 16 27 35 34 37 43 44 47 47 49 50 50 51 41 31 28 26 24 34 47 46 50 50 47 45 50 50 50 48 46 48 42 37 46 48 49 49 52 52 49 36 30 40 52 55 56 59 54 42 28 23 27 41 34 30 29 29 27 27 27 25 23 23 23 23 24 24 24 26 27 25 26 26 26
12 12 12 16 13 13 18 18 20 28 29 31 32 34 34 36 41 44 40 47 46 48 43 30 31 35 31 49 51 47 56 51 50 50 50 50 49 48 48 48 48 44 44 46 48 48 49 50 51 53 47 52 57 57 56 56 40 32 23 29 40 45 35 32 29 29 29 27 25 24 22 22 23 25 25 25 27 29 29 25 26 26 27
12 12 12 14 12 16 20 18 26 32 32 31 31 31 33 31 34 42 34 38 44 44 32 24 30 46 38 55 51 51 54 54 51 50 50 50 48 48 48 48 48 45 45 45 45 47 49 50 50 50 52 54 55 57 58 56 42 34 42 53 54 47 37 34 33 31 29 27 25 23 22 23 23 23 27 28 27 29 30 29 27 26 28
14 14 16 15 15 20 21 21 32 36 35 35 34 22 26 31 38 32 29 36 45 44 32 25 21 38 41 51 50 55 54 54 51 50 50 50 48 48 48 48 48 46 45 45 45 45 46 49 49 49 52 54 54 54 56 59 59 55 53 52 50 48 41 33 33 31 29 27 25 23 22 23 23 23 27 27 29 31 31 31 31 30 28
16 16 18 16 18 23 22 24 36 37 36 35 29 25 24 31 34 29 33 45 48 41 39 29 23 29 39 49 50 56 54 54 51 50 50 48 48 48 48 48 47 46 46 45 45 45 45 46 49 49 53 54 54 54 56 56 59 59 53 48 47 44 44 43 37 29 27 25 24 23 22 22 23 23 26 27 28 31 31 31 31 31 31
19 20 18 16 20 25 25 26 35 34 38 36 35 34 29 31 31 29 33 32 37 45 39 28 21 31 51 54 54 56 54 53 51 49 48 48 48 47 47 47 47 46 45 45 45 45 45 45 47 49 50 53 54 54 54 56 58 58 56 53 52 52 52 50 48 45 35 25 24 23 20 20 23 22 23 27 27 29 31 29 30 31 31
24 22 22 17 18 22 28 35 32 36 38 36 35 29 33 31 29 29 29 31 36 45 32 27 21 34 53 51 58 54 54 53 52 48 48 48 47 47 46 46 46 46 45 44 45 45 45 47 47 47 49 50 50 51 52 54 55 55 55 54 54 52 51 47 44 44 35 26 24 23 22 20 23 23 23 24 28 28 28 28 29 29 28
26 28 23 19 18 20 30 39 40 39 36 35 35 35 33 26 22 31 26 30 33 36 29 25 21 37 49 49 55 51 50 53 52 48 48 47 46 46 45 46 46 46 44 44 45 44 44 48 48 47 48 49 50 50 50 52 52 52 52 52 52 52 48 47 44 38 29 27 25 24 23 22 22 23 23 23 24 28 28 28 28 27 27
24 27 24 20 18 17 20 26 31 39 36 35 35 33 29 29 22 33 33 24 23 24 24 20 30 38 40 47 52 48 48 52 52 48 48 48 46 45 44 44 46 45 45 44 44 44 45 49 48 47 48 49 49 49 49 50 51 52 52 52 51 50 48 47 43 35 30 28 27 24 23 23 22 22 23 23 23 25 28 28 28 27 27
22 26 23 20 18 17 17 18 20 26 32 35 35 31 34 33 29 27 30 32 33 27 27 25 28 32 36 47 51 48 45 49 51 48 47 48 51 47 45 44 45 45 44 44 44 44 45 48 48 47 48 48 49 49 50 51 52 52 52 52 51 48 48 44 40 33 31 29 28 28 24 23 22 22 23 23 23 25 26 28 28 27 27
22 24 22 19 18 16 16 16 17 18 22 33 37 35 34 33 26 30 33 33 32 31 28 34 36 35 41 47 50 48 44 47 52 50 48 48 49 51 48 45 45 47 44 44 44 44 45 46 47 48 48 49 49 49 50 51 52 52 52 52 50 48 46 42 38 35 33 31 30 29 27 27 23 23 23 24 24 24 25 27 27 25 27
22 21 20 21 19 16 16 16 16 17 22 33 39 37 34 30 33 34 33 33 35 27 32 36 39 40 41 43 46 47 42 48 52 51 48 48 48 51 51 47 47 46 45 44 45 46 46 46 48 48 48 49 49 50 50 51 52 53 53 52 51 50 44 43 39 37 35 33 31 30 28 26 23 23 24 25 25 25 26 27 26 26 26
18 19 23 26 19 16 16 16 16 16 17 22 33 35 34 36 36 34 33 33 31 29 34 39 39 41 42 41 41 41 42 51 51 48 47 48 50 51 51 49 48 48 45 45 46 46 46 48 48 49 49 49 50 51 51 52 53 53 53 53 51 49 46 44 44 40 38 35 32 30 30 26 24 24 24 27 27 25 25 25 25 25 25
17 19 23 30 20 16 16 16 16 16 16 17 23 29 36 40 39 36 33 32 32 33 36 39 39 40 41 41 39 39 42 52 48 47 45 47 50 52 51 47 47 47 45 45 46 47 48 49 49 49 50 51 51 52 52 53 55 57 55 55 53 50 49 48 49 46 40 36 34 32 30 27 25 24 24 25 27 26 25 25 25 25 26
17 18 26 36 23 17 16 16 16 16 16 17 17 21 33 40 37 33 31 31 33 35 37 38 38 40 40 40 39 39 39 44 46 47 45 45 49 51 47 47 47 47 45 45 47 48 48 49 49 49 51 52 52 53 54 58 59 59 60 59 59 60 56 55 55 51 44 40 36 35 31 27 27 25 25 26 26 25 26 27 26 25 25
