data/Layers_WA/bio12.asc
NCOLS 376 
NROWS 439 
XLLCORNER -124.708333333333 
YLLCORNER 28 
CELLSIZE 0.0416666666666649 
NODATA_value -3.4e+38 
[rows 102 to 135 of 439, columns 0 to 76 of 376]
-3.4e+38 -3.4e+38 -3.4e+38 -3.4e+38 -3.4e+38 -3.4e+38 -3.4e+38 -3.4e+38 -3.4e+38 -3.4e+38 1956 1992 2002 2025 2033 1994 1845 1843 1703 1596 1495 1459 1528 1561 1462 1378 1268 1178 1136 1183 1154 1089 1091 1042 1041 995 832 760 735 726 765 814 957 1090 1036 852 746 719 631 586 618 699 642 598 571 550 541 544 537 521 506 490 473 446 420 395 380 379 364 343 329 317 305 300 297 296 295
-3.4e+38 -3.4e+38 -3.4e+38 -3.4e+38 -3.4e+38 -3.4e+38 -3.4e+38 -3.4e+38 -3.4e+38 -3.4e+38 -3.4e+38 -3.4e+38 2010 2034 2008 2002 1845 1830 1785 1719 1557 1474 1450 1519 1413 1281 1268 1202 1181 1104 1123 1072 1049 1078 1028 895 805 792 808 780 851 838 951 825 810 798 643 686 658 555 556 576 576 537 529 527 520 516 515 509 499 475 446 425 408 392 378 370 358 342 330 320 311 306 302 299 296
-3.4e+38 -3.4e+38 -3.4e+38 -3.4e+38 -3.4e+38 -3.4e+38 -3.4e+38 -3.4e+38 -3.4e+38 -3.4e+38 -3.4e+38 -3.4e+38 1954 2018 2046 2003 1911 1850 1733 1635 1609 1610 1545 1509 1368 1285 1230 1216 1167 1126 1066 1024 964 1015 962 957 1002 893 950 904 1003 1078 983 776 642 609 662 697 695 640 536 530 530 524 529 520 518 517 533 521 480 452 429 409 397 383 369 357 345 342 331 324 317 311 307 307 301
-3.4e+38 -3.4e+38 -3.4e+38 -3.4e+38 -3.4e+38 -3.4e+38 -3.4e+38 -3.4e+38 -3.4e+38 -3.4e+38 -3.4e+38 -3.4e+38 1915 1973 2045 1906 1911 1905 1708 1589 1749 1749 1625 1434 1322 1318 1308 1223 1159 1139 1172 1056 994 962 913 888 908 785 768 719 752 817 952 703 612 579 605 552 578 728 573 530 529 532 526 521 517 532 622 628 498 442 415 396 382 369 360 354 365 342 334 327 323 318 315 313 308
-3.4e+38 -3.4e+38 -3.4e+38 -3.4e+38 -3.4e+38 -3.4e+38 -3.4e+38 -3.4e+38 -3.4e+38 -3.4e+38 -3.4e+38 1851 1885 1972 2048 1956 2038 2062 1966 1809 1752 1734 1598 1470 1338 1287 1324 1191 1181 1133 1111 1166 995 1051 962 923 900 811 741 709 702 662 652 611 600 572 556 557 533 564 531 521 540 527 525 524 521 525 621 635 608 453 403 383 368 360 356 353 356 350 342 336 331 331 325 326 321
-3.4e+38 -3.4e+38 -3.4e+38 -3.4e+38 -3.4e+38 -3.4e+38 -3.4e+38 -3.4e+38 -3.4e+38 -3.4e+38 -3.4e+38 1801 1852 1964 2066 2064 2003 1902 1834 1593 1537 1596 1426 1377 1336 1287 1292 1224 1183 1128 1105 1232 1195 1082 916 890 852 808 777 701 706 671 629 584 589 556 610 612 526 555 524 534 521 526 534 529 517 517 601 722 662 608 425 374 356 355 357 387 381 354 351 347 367 341 337 336 334
-3.4e+38 -3.4e+38 -3.4e+38 -3.4e+38 -3.4e+38 -3.4e+38 -3.4e+38 -3.4e+38 -3.4e+38 -3.4e+38 -3.4e+38 1770 1836 1962 2057 2020 2005 1894 1793 1645 1613 1513 1406 1365 1336 1310 1266 1224 1167 1139 1156 1261 1181 1081 921 870 885 895 853 759 712 668 672 627 653 698 626 545 566 519 518 523 526 538 535 524 522 514 514 528 553 594 435 378 361 361 364 371 368 365 363 360 357 355 353 350 348
-3.4e+38 -3.4e+38 -3.4e+38 -3.4e+38 -3.4e+38 -3.4e+38 -3.4e+38 -3.4e+38 -3.4e+38 -3.4e+38 -3.4e+38 -3.4e+38 1858 1976 2038 2038 1928 1982 1869 1794 1740 1506 1411 1397 1338 1297 1301 1287 1319 1260 1286 1131 1127 987 916 874 977 978 890 922 725 666 674 793 727 675 696 668 542 511 520 538 544 551 552 557 556 534 530 725 614 527 485 443 413 385 393 402 383 382 382 380 376 378 380 382 372
-339999999999999996123846586046231871488.000000000000000 -3.4e+38 -3.4e+38 -3.4e+38 -3.4e+38 -3.4e+38 -3.4e+38 -3.4e+38 -3.4e+38 -3.4e+38 -3.4e+38 -3.4e+38 -3.4e+38 1996 1999 1963 1885 1775 1833 1935 1735 1586 1512 1408 1360 1314 1260 1214 1246 1238 1313 1102 1076 951 1059 1030 995 886 758 763 748 751 773 667 580 585 742 638 536 518 520 537 562 567 578 587 586 551 556 656 607 550 489 465 466 422 413 418 405 410 420 403 413 425 447 424 414
-3.4e+38 -3.4e+38 -3.4e+38 -3.4e+38 -3.4e+38 -3.4e+38 -3.4e+38 -3.4e+38 -3.4e+38 -3.4e+38 -3.4e+38 -3.4e+38 -3.4e+38 1986 1988 1949 1919 1763 1699 1796 1680 1680 1515 1377 1362 1299 1310 1216 1228 1269 1285 1085 1014 977 967 1171 1018 829 764 750 700 640 611 579 561 581 581 580 632 559 555 548 579 595 601 614 615 570 608 696 546 534 505 481 463 451 442 437 434 434 441 439 458 515 564 533 506
-3.4e+38 -3.4e+38 -3.4e+38 -3.4e+38 -3.4e+38 -3.4e+38 -3.4e+38 -3.4e+38 -3.4e+38 -3.4e+38 -3.4e+38 -3.4e+38 -3.4e+38 -3.4e+38 1965 1962 1950 1848 1722 1683 1531 1464 1488 1395 1344 1340 1385 1254 1391 1317 1205 1078 1111 1056 994 1119 1108 908 928 1102 814 636 609 587 556 551 536 555 614 712 589 553 600 615 634 648 644 636 595 578 566 629 579 526 503 489 478 472 470 530 504 498 538 623 630 655 634
-3.4e+38 -3.4e+38 -3.4e+38 -3.4e+38 -3.4e+38 -3.4e+38 -3.4e+38 -3.4e+38 -3.4e+38 -3.4e+38 -3.4e+38 -3.4e+38 -3.4e+38 -3.4e+38 1940 1949 1911 1906 1776 1641 1561 1527 1421 1387 1344 1314 1292 1386 1425 1151 1135 1080 1195 1146 1091 1104 1086 1054 1186 1021 801 650 605 584 572 552 574 599 595 661 573 578 618 637 665 679 681 666 642 603 583 656 634 570 666 615 526 514 530 567 566 589 579 612 633 608 613
-3.4e+38 -3.4e+38 -3.4e+38 -3.4e+38 -3.4e+38 -3.4e+38 -3.4e+38 -3.4e+38 -3.4e+38 -3.4e+38 -3.4e+38 -3.4e+38 -3.4e+38 -3.4e+38 -3.4e+38 1913 1924 1904 1723 1561 1600 1570 1474 1390 1359 1316 1346 1321 1409 1178 1127 1145 1170 1095 939 986 937 1079 1088 984 840 726 615 596 583 563 655 714 637 687 601 591 637 666 693 701 698 672 644 627 626 845 749 623 666 725 638 575 576 587 572 547 531 542 552 541 516
-3.4e+38 -3.4e+38 -3.4e+38 -3.4e+38 -3.4e+38 -3.4e+38 -3.4e+38 -3.4e+38 -3.4e+38 -3.4e+38 -3.4e+38 -3.4e+38 -3.4e+38 -3.4e+38 -3.4e+38 1869 1868 1849 1770 1713 1592 1683 1537 1449 1367 1308 1311 1323 1403 1274 1130 1088 1036 1050 972 953 975 1109 1050 1031 958 880 743 607 599 579 609 749 726 708 623 631 656 673 708 710 697 673 684 737 768 734 703 696 681 720 645 607 580 569 553 544 534 530 521 516 502
-3.4e+38 -3.4e+38 -3.4e+38 -3.4e+38 -3.4e+38 -3.4e+38 -3.4e+38 -3.4e+38 -3.4e+38 -3.4e+38 -3.4e+38 -3.4e+38 -3.4e+38 -3.4e+38 -3.4e+38 1820 1804 1795 1771 1734 1667 1617 1511 1422 1372 1315 1277 1240 1352 1286 1131 1151 1118 1061 968 1125 1096 929 840 944 1058 930 771 617 605 601 596 706 734 730 755 838 726 677 716 708 710 713 843 1130 1232 943 743 740 689 670 654 624 611 597 588 577 566 554 538 527 514
-3.4e+38 -3.4e+38 -3.4e+38 -3.4e+38 -3.4e+38 -3.4e+38 -3.4e+38 -3.4e+38 -3.4e+38 -3.4e+38 -3.4e+38 -3.4e+38 -3.4e+38 -3.4e+38 -3.4e+38 1765 1766 1743 1732 1691 1562 1509 1438 1433 1376 1325 1317 1244 1335 1350 1240 1220 1059 1047 1133 1147 1024 980 853 966 978 1002 920 656 609 604 685 664 675 727 875 1048 837 769 732 738 758 749 879 1327 1449 992 766 704 718 729 712 677 649 638 632 617 604 592 573 555 534
-3.4e+38 -3.4e+38 -3.4e+38 -3.4e+38 -3.4e+38 -3.4e+38 -3.4e+38 -3.4e+38 -3.4e+38 -3.4e+38 -3.4e+38 -3.4e+38 -3.4e+38 -3.4e+38 -3.4e+38 1705 1705 1705 1688 1666 1614 1529 1451 1457 1372 1371 1401 1347 1342 1273 1234 1227 1084 1132 1143 1144 920 875 935 821 849 1134 885 664 630 628 716 653 718 834 974 997 954 963 838 788 819 811 812 914 964 831 761 772 821 840 822 713 687 676 674 657 644 629 612 591 564
-3.4e+38 -3.4e+38 -3.4e+38 -3.4e+38 -3.4e+38 -3.4e+38 -3.4e+38 -3.4e+38 -3.4e+38 -3.4e+38 -3.4e+38 -3.4e+38 -3.4e+38 -3.4e+38 1595 1651 1666 1675 1656 1629 1593 1531 1461 1456 1431 1399 1341 1398 1354 1196 1166 1193 1138 1035 1010 1032 959 896 927 815 891 1073 1073 808 674 630 668 697 800 921 983 887 997 1081 914 831 901 963 864 814 819 836 899 958 970 949 925 852 785 739 715 688 682 667 644 619 595
-3.4e+38 -3.4e+38 -3.4e+38 -3.4e+38 -3.4e+38 -3.4e+38 -3.4e+38 -3.4e+38 -3.4e+38 -3.4e+38 -3.4e+38 -3.4e+38 -3.4e+38 -3.4e+38 1572 1632 1634 1652 1630 1605 1573 1545 1510 1433 1450 1424 1394 1378 1297 1211 1168 1165 1143 1115 1061 973 980 912 886 890 1082 1117 1150 942 833 824 953 919 916 854 829 895 999 949 875 875 961 1050 1058 924 973 1128 1167 1173 1121 1056 1008 935 885 845 769 738 727 703 676 642 612
-3.4e+38 -3.4e+38 -3.4e+38 -3.4e+38 -3.4e+38 -3.4e+38 -3.4e+38 -3.4e+38 -3.4e+38 -3.4e+38 -3.4e+38 -3.4e+38 -3.4e+38 -3.4e+38 1528 1623 1579 1624 1614 1583 1557 1525 1488 1448 1419 1401 1339 1345 1279 1209 1212 1144 1090 1098 1097 1027 944 979 1003 932 940 1020 1071 1022 1078 1063 1112 986 881 785 887 973 977 929 906 900 906 950 1178 1119 1152 1277 1292 1279 1190 1062 982 950 915 884 811 793 772 738 702 666 631
-3.4e+38 -3.4e+38 -3.4e+38 -3.4e+38 -3.4e+38 -3.4e+38 -3.4e+38 -3.4e+38 -3.4e+38 -3.4e+38 -3.4e+38 -3.4e+38 -3.4e+38 1445 1508 1638 1584 1552 1578 1567 1548 1514 1472 1443 1411 1375 1325 1302 1265 1213 1232 1234 1129 1070 1034 1030 973 933 912 866 987 1130 1162 1106 1063 1130 1040 963 892 821 906 934 973 976 948 961 984 1148 1250 1178 1208 1339 1328 1311 1132 971 894 856 839 856 838 836 811 771 727 682 643
-3.4e+38 -3.4e+38 -3.4e+38 -3.4e+38 -3.4e+38 -3.4e+38 -3.4e+38 -3.4e+38 -3.4e+38 -3.4e+38 -3.4e+38 -3.4e+38 -3.4e+38 1460 1451 1543 1629 1590 1525 1559 1545 1505 1463 1444 1394 1364 1339 1295 1293 1251 1215 1245 1202 1115 1092 1016 983 956 921 907 1047 1163 1111 1053 962 995 1022 910 839 861 915 924 939 959 969 1040 1172 1288 1201 1116 1282 1319 1305 1273 1088 946 1053 1122 1039 993 870 837 823 800 748 687 647
-3.4e+38 -3.4e+38 -3.4e+38 -3.4e+38 -3.4e+38 -3.4e+38 -3.4e+38 -3.4e+38 -3.4e+38 -3.4e+38 -3.4e+38 -3.4e+38 -3.4e+38 1475 1505 1487 1508 1589 1536 1491 1537 1512 1459 1397 1356 1367 1336 1301 1300 1334 1219 1150 1121 1093 1193 1098 1014 1004 935 899 935 1137 1047 1004 1001 888 872 896 890 988 971 946 976 996 996 1073 1263 1257 1157 1302 1362 1357 1372 1286 1234 1175 1270 1199 1066 981 892 891 875 817 762 698 648
-3.4e+38 -3.4e+38 -3.4e+38 -3.4e+38 -3.4e+38 -3.4e+38 -3.4e+38 -3.4e+38 -3.4e+38 -3.4e+38 -3.4e+38 -3.4e+38 -3.4e+38 1382 1429 1479 1501 1515 1546 1484 1473 1499 1476 1421 1321 1354 1331 1301 1288 1336 1261 1154 1121 1082 1144 1163 1116 1086 1112 1021 941 1061 1067 1132 1199 1060 972 889 947 954 980 1013 1010 1012 1048 1247 1357 1356 1262 1332 1481 1441 1337 1273 1366 1371 1421 1274 1178 1053 955 965 882 788 763 746 647
-3.4e+38 -3.4e+38 -3.4e+38 -3.4e+38 -3.4e+38 -3.4e+38 -3.4e+38 -3.4e+38 -3.4e+38 -3.4e+38 -3.4e+38 -3.4e+38 -3.4e+38 -3.4e+38 1317 1342 1382 1443 1544 1496 1474 1503 1489 1440 1379 1294 1306 1292 1262 1270 1244 1209 1123 1115 1069 1060 1103 1011 1074 1296 1209 1222 1169 1211 1151 1167 987 927 1010 1007 1039 1014 1032 1052 1208 1386 1347 1333 1205 1448 1449 1394 1272 1488 1420 1463 1518 1431 1222 1104 1045 965 863 787 716 687 695
-3.4e+38 -3.4e+38 -3.4e+38 -3.4e+38 -3.4e+38 -3.4e+38 -3.4e+38 -3.4e+38 -3.4e+38 -3.4e+38 -3.4e+38 -3.4e+38 -3.4e+38 -3.4e+38 1259 1302 1373 1483 1499 1587 1442 1482 1486 1464 1418 1303 1312 1289 1280 1260 1233 1168 1127 1102 1118 1190 1111 1003 1163 1376 1268 1180 1128 1221 1180 1021 969 972 1070 1078 1026 1036 1075 1216 1393 1349 1370 1357 1307 1470 1593 1486 1478 1552 1449 1539 1377 1349 1274 1125 1087 985 918 760 684 659 627
-3.4e+38 -3.4e+38 -3.4e+38 -3.4e+38 -3.4e+38 -3.4e+38 -3.4e+38 -3.4e+38 -3.4e+38 -3.4e+38 -3.4e+38 -3.4e+38 -3.4e+38 1185 1206 1249 1270 1530 1422 1463 1499 1464 1497 1457 1393 1306 1290 1310 1279 1266 1220 1152 1133 1122 1136 1296 1121 1010 1086 1287 1161 1164 1046 1281 1181 1011 972 991 1068 1067 1049 1063 1143 1328 1406 1464 1484 1429 1475 1531 1519 1508 1627 1598 1499 1523 1374 1322 1281 1191 1162 985 871 752 682 620 625
-3.4e+38 -3.4e+38 -3.4e+38 -3.4e+38 -3.4e+38 -3.4e+38 -3.4e+38 -3.4e+38 -3.4e+38 -3.4e+38 -3.4e+38 -3.4e+38 -3.4e+38 1149 1152 1209 1196 1348 1410 1484 1551 1441 1500 1472 1425 1370 1249 1242 1241 1259 1179 1167 1163 1179 1222 1200 1100 1009 999 1145 1035 1121 987 1132 1060 976 1016 1027 1083 1054 1071 1108 1149 1263 1320 1491 1489 1488 1528 1576 1515 1596 1621 1577 1494 1543 1475 1354 1303 1115 1185 1052 866 737 681 646 636
-3.4e+38 -3.4e+38 -3.4e+38 -3.4e+38 -3.4e+38 -3.4e+38 -3.4e+38 -3.4e+38 -3.4e+38 -3.4e+38 -3.4e+38 -3.4e+38 1114 1113 1116 1197 1357 1223 1352 1476 1550 1518 1461 1513 1455 1381 1318 1249 1249 1200 1187 1174 1184 1177 1082 1119 1095 999 1009 1033 1019 1187 1055 989 996 1035 1059 1069 1072 1070 1136 1150 1174 1356 1453 1501 1535 1544 1555 1565 1496 1610 1594 1597 1613 1543 1498 1352 1457 1302 1178 1101 954 957 866 747 679
-3.4e+38 -3.4e+38 -3.4e+38 -3.4e+38 -3.4e+38 -3.4e+38 -3.4e+38 -3.4e+38 -3.4e+38 -3.4e+38 -3.4e+38 -3.4e+38 1093 1085 1099 1238 1380 1466 1306 1332 1517 1572 1496 1490 1498 1433 1373 1252 1296 1205 1223 1162 1128 1101 1098 1135 1106 993 986 979 1097 1217 1109 987 994 1024 1071 1057 1074 1103 1208 1166 1246 1328 1458 1507 1519 1539 1525 1489 1541 1562 1572 1572 1561 1474 1466 1345 1354 1205 1173 1157 1104 993 974 930 783
-3.4e+38 -3.4e+38 -3.4e+38 -3.4e+38 -3.4e+38 -3.4e+38 -3.4e+38 -3.4e+38 -3.4e+38 -3.4e+38 -3.4e+38 1143 1111 1129 1163 1186 1426 1566 1471 1279 1424 1571 1560 1494 1513 1457 1398 1274 1317 1278 1207 1192 1114 1074 1051 1049 1055 989 981 981 1017 1027 989 995 1021 1030 1094 1067 1088 1129 1258 1244 1214 1243 1428 1510 1512 1512 1508 1493 1496 1527 1520 1534 1515 1500 1402 1346 1293 1120 1099 1133 1102 1035 1007 966 892
-3.4e+38 -3.4e+38 -3.4e+38 -3.4e+38 -3.4e+38 -3.4e+38 -3.4e+38 -3.4e+38 -3.4e+38 -3.4e+38 1214 1181 1186 1210 1277 1277 1403 1643 1646 1487 1463 1594 1580 1539 1500 1444 1401 1302 1272 1320 1321 1270 1212 1182 1046 1011 1017 1088 1054 984 975 992 998 1002 1034 1083 1067 1079 1110 1215 1240 1185 1221 1384 1480 1507 1497 1490 1497 1452 1459 1464 1486 1463 1456 1417 1327 1332 1302 1170 1115 1122 1104 1032 990 961 943
-3.4e+38 -3.4e+38 -3.4e+38 -3.4e+38 -3.4e+38 -3.4e+38 -3.4e+38 -3.4e+38 -3.4e+38 -3.4e+38 1260 1231 1293 1274 1283 1338 1430 1592 1629 1657 1464 1607 1595 1563 1528 1480 1436 1381 1264 1283 1280 1237 1209 1188 1156 1154 1116 1147 1119 995 979 991 993 1019 1047 1060 1058 1086 1148 1273 1207 1287 1225 1386 1433 1444 1384 1351 1346 1307 1289 1300 1344 1357 1379 1354 1279 1244 1277 1260 1201 1158 1097 1036 1032 980 958
-3.4e+38 -3.4e+38 -3.4e+38 -3.4e+38 -3.4e+38 -3.4e+38 -3.4e+38 -3.4e+38 -3.4e+38 1330 1293 1284 1312 1430 1551 1613 1581 1527 1665 1668 1622 1508 1533 1536 1530 1502 1481 1457 1334 1216 1233 1192 1158 1112 1131 1232 1181 1117 1158 1031 969 978 1002 1013 1045 1070 1060 1085 1142 1238 1345 1402 1340 1409 1339 1324 1273 1245 1236 1187 1207 1225 1222 1227 1255 1273 1247 1191 1167 1220 1222 1145 1077 1040 1033 1013 987
