data/Layers_WA/bio17.asc
NCOLS 376 
NROWS 439 
XLLCORNER -124.708333333333 
YLLCORNER 28 
CELLSIZE 0.0416666666666649 
NODATA_value -3.4e+38 
[rows 222 to 258 of 439, columns 166 to 248 of 376]
29 24 21 24 29 28 19 15 15 15 18 20 23 28 37 41 34 29 27 24 24 24 24 25 24 22 24 26 27 27 30 34 36 34 31 28 31 36 33 29 28 25 25 27 29 31 31 33 34 36 38 36 36 39 32 29 33 32 30 26 26 26 27 41 42 29 24 23 24 25 26 34 33 29 25 25 23 28 34 41 44 39 35
27 29 24 25 34 33 21 15 18 14 15 16 22 31 37 43 36 30 27 26 25 24 25 28 24 22 23 25 26 29 28 29 31 31 28 33 35 36 30 30 27 25 25 27 27 30 30 34 36 34 32 29 32 36 30 26 28 34 28 24 24 24 27 41 45 29 23 22 23 23 29 36 31 25 23 22 25 31 44 52 48 35 31
25 29 20 24 38 31 21 21 23 16 12 12 16 23 32 39 40 35 29 28 27 25 27 25 22 21 22 25 25 26 30 33 31 28 28 36 37 37 30 28 29 27 25 25 27 25 28 32 34 32 27 26 27 36 30 26 26 31 33 26 24 24 25 37 44 29 23 21 21 22 27 31 29 24 22 19 23 29 39 50 50 40 31
20 21 15 24 37 38 24 32 34 20 14 11 12 16 24 30 31 35 30 25 24 23 22 20 19 22 26 25 23 23 26 29 26 25 28 30 29 32 29 27 26 24 22 25 25 23 26 34 36 33 27 23 23 35 29 26 26 28 33 32 33 31 28 34 47 30 24 21 20 21 29 29 28 25 19 19 23 25 31 37 39 33 31
15 14 15 23 28 33 25 33 34 26 16 11 9 10 14 20 23 24 30 25 22 20 19 18 18 22 28 26 22 22 23 26 23 22 23 25 25 25 29 28 25 22 21 21 21 21 23 29 30 34 31 23 23 36 29 26 24 29 37 38 37 34 30 35 48 33 27 21 19 19 24 27 25 23 19 19 21 23 25 32 33 28 25
11 13 21 24 20 23 24 33 37 31 19 12 8 8 9 13 20 25 25 27 23 19 19 18 17 17 20 25 19 19 21 23 23 20 20 21 22 23 25 26 25 22 21 20 20 21 23 25 27 34 31 23 21 32 29 26 24 26 34 33 41 38 34 41 51 34 27 22 19 18 21 21 23 21 19 17 19 21 23 25 23 23 23
10 12 15 21 18 20 22 31 34 27 16 12 8 8 8 8 13 16 21 22 22 22 19 19 17 16 16 19 18 19 19 20 20 19 19 20 20 22 29 28 25 22 20 18 20 22 27 27 27 30 26 20 21 26 28 26 24 26 29 29 36 38 41 47 47 33 27 23 19 18 17 17 19 17 17 17 17 19 20 21 19 19 19
10 10 11 15 18 19 22 25 30 22 16 11 8 8 8 8 9 11 15 15 17 22 22 19 18 16 16 17 17 17 19 19 19 19 19 21 22 22 25 22 22 21 21 21 22 25 27 27 29 26 21 20 20 31 27 23 24 28 32 29 35 43 50 54 44 34 28 23 19 21 20 17 18 16 16 16 15 17 19 19 17 19 17
10 10 10 11 17 17 22 22 26 23 17 12 8 8 8 8 8 9 10 11 12 19 25 22 18 16 16 16 15 15 17 16 16 17 17 19 19 19 20 21 21 22 22 25 25 28 27 25 24 21 20 20 22 30 23 22 26 31 32 30 38 51 67 55 44 37 31 24 18 23 25 21 19 17 15 15 15 15 17 17 17 17 17
13 11 11 11 15 18 22 23 21 23 17 11 9 8 8 8 8 7 9 9 9 10 16 20 18 17 16 15 15 15 15 15 16 16 16 17 18 20 22 22 20 19 19 22 29 29 28 25 23 21 20 20 22 23 20 21 22 31 30 34 42 60 67 56 47 38 28 22 21 26 24 21 18 16 15 15 15 15 15 15 17 17 17
22 22 20 15 16 22 29 27 23 20 15 13 9 8 8 8 7 7 7 7 8 9 10 14 17 17 16 16 15 15 15 15 15 15 16 16 16 17 20 21 20 18 18 21 22 21 22 23 21 20 20 20 21 20 20 20 22 28 29 36 53 62 55 51 47 41 29 22 21 24 23 17 17 15 15 15 17 17 15 13 15 17 17
29 27 27 26 21 23 32 32 27 21 17 14 11 9 9 12 15 10 8 6 6 6 8 10 16 19 19 18 14 14 15 15 15 15 15 15 15 15 15 17 17 18 21 22 22 21 21 21 21 21 21 20 20 20 20 20 22 24 28 38 58 55 45 44 43 42 34 21 18 21 18 17 16 15 15 15 17 17 15 13 13 16 15
36 31 27 26 29 27 27 29 24 19 18 17 12 11 13 23 24 15 10 6 6 6 8 10 16 19 23 22 15 14 14 14 14 14 15 15 15 15 15 15 17 21 25 29 27 25 24 23 23 24 26 23 22 20 20 20 21 22 25 33 51 45 38 38 42 41 28 21 18 16 15 15 15 15 15 17 18 17 15 15 13 13 14
29 31 26 23 23 24 17 14 17 19 23 23 16 13 16 24 25 17 12 8 6 6 6 10 15 19 23 25 19 14 14 14 14 14 14 14 14 14 15 15 17 21 27 39 34 31 30 28 27 30 27 28 27 24 22 21 20 19 21 28 38 33 32 39 42 34 25 20 17 14 14 15 15 15 15 17 18 17 15 15 13 13 13
28 31 24 23 23 21 16 11 11 13 25 30 21 18 18 26 25 15 10 8 6 6 6 8 10 15 19 19 21 14 14 14 14 14 14 14 15 15 15 15 17 19 24 34 44 44 39 44 35 34 33 33 36 30 26 23 20 19 19 22 25 28 32 34 36 28 24 20 16 14 14 15 15 15 17 18 20 17 15 15 15 13 12
22 28 24 21 21 19 15 10 10 11 14 23 24 32 25 24 25 18 12 8 6 6 6 9 10 10 14 19 25 19 15 14 14 14 14 14 14 17 17 17 21 18 21 25 35 48 44 48 50 44 42 41 40 34 30 26 21 19 17 19 21 25 35 32 27 28 25 18 15 14 15 17 17 17 18 24 22 21 18 17 13 12 12
19 20 21 22 22 19 14 11 10 10 11 14 23 31 30 24 26 28 18 10 6 6 6 8 12 12 13 15 16 19 16 15 13 12 12 13 14 14 17 17 18 18 17 21 27 40 46 42 54 63 58 52 46 44 36 30 23 21 19 17 16 17 18 20 20 20 21 17 16 15 18 17 17 21 21 21 17 16 18 15 12 12 12
21 20 22 23 23 18 14 14 11 10 10 12 20 26 24 25 32 24 18 11 8 6 6 6 10 19 15 18 15 14 14 14 11 12 12 14 15 15 15 17 19 17 16 17 21 30 40 37 50 63 65 69 55 50 38 30 25 22 21 17 16 15 14 14 14 14 14 15 15 16 17 18 21 25 25 18 16 15 15 12 12 12 12
26 23 23 24 20 18 18 21 12 11 10 11 14 18 20 25 36 38 27 12 8 6 6 6 7 19 17 16 18 14 14 13 11 11 12 14 18 17 15 17 16 16 16 17 19 23 29 34 46 60 77 59 52 41 34 30 28 28 21 17 15 14 14 13 12 11 11 11 14 14 15 15 17 21 22 17 15 15 13 15 15 12 12
29 31 27 23 19 17 20 24 14 11 10 10 11 14 24 29 39 41 26 14 8 6 6 6 7 20 19 18 19 16 15 14 12 11 12 14 17 18 14 15 16 16 16 17 19 21 27 31 37 50 64 66 56 42 36 37 36 29 22 16 15 14 14 12 12 11 11 14 13 11 11 13 15 15 15 15 16 15 17 16 13 12 12
30 34 31 24 22 19 21 27 14 11 10 9 9 11 18 30 47 38 20 14 8 6 6 6 6 15 21 21 19 18 18 15 14 12 11 12 15 20 17 14 16 16 16 16 17 18 23 26 30 40 40 50 43 46 42 36 32 25 21 17 16 14 14 12 12 11 13 15 11 11 11 11 12 12 12 15 15 15 15 12 11 12 12
25 28 28 24 23 19 21 33 20 11 9 8 8 8 14 30 43 42 25 14 8 6 6 5 6 9 18 26 22 19 20 18 14 14 13 10 13 17 17 16 15 15 16 16 16 16 18 21 26 26 32 37 41 37 37 26 22 21 19 17 16 14 14 13 12 11 11 13 11 11 11 11 11 11 11 11 12 14 11 11 11 11 12
20 21 24 24 24 23 25 34 21 12 9 8 8 8 12 25 37 41 25 14 8 7 6 5 5 7 18 25 25 19 19 17 15 19 14 10 12 16 16 21 16 15 15 16 16 16 18 19 20 22 26 33 32 33 40 26 22 25 18 16 16 14 14 13 12 11 11 11 11 11 11 11 11 11 11 15 15 16 11 11 11 11 12
16 16 21 24 24 26 25 30 24 12 9 8 8 8 10 21 32 41 25 15 10 7 6 5 5 6 14 18 21 17 15 14 15 17 14 10 12 17 12 16 20 16 15 15 15 16 16 18 18 20 22 26 26 30 34 30 21 22 18 17 16 16 14 13 13 12 11 11 12 15 14 11 11 11 15 18 18 16 12 11 11 12 12
15 15 18 20 21 25 25 24 21 14 8 8 8 8 12 23 30 34 27 19 12 8 6 5 5 10 21 19 19 17 14 14 14 15 14 10 10 14 12 12 20 23 15 15 15 15 16 16 17 18 20 22 24 27 32 32 22 21 18 17 16 16 14 14 13 13 14 13 13 16 18 12 11 11 13 19 24 16 13 12 12 12 12
12 10 13 17 20 24 25 23 21 14 10 8 8 8 10 23 29 25 17 15 13 8 6 6 4 5 10 15 17 15 16 15 13 12 11 10 10 10 12 12 16 23 16 15 15 15 15 16 16 18 19 20 22 32 40 36 26 22 19 18 16 16 15 15 16 17 18 16 16 16 16 15 14 11 12 17 23 17 13 12 13 13 13
10 8 9 11 14 20 25 22 21 17 10 9 8 7 8 21 22 15 14 10 10 8 7 6 5 4 5 9 10 10 10 12 14 12 10 10 9 9 10 11 13 20 16 15 15 15 15 16 16 16 17 19 22 26 36 37 26 22 21 21 19 17 16 16 17 21 18 15 14 12 14 14 14 11 12 13 19 16 12 12 15 16 16
9 8 8 9 11 17 22 22 18 14 9 8 9 8 7 17 21 15 17 12 12 10 8 7 6 5 5 5 6 8 9 10 14 14 10 9 9 9 9 10 12 16 15 15 16 16 15 15 15 16 16 18 22 25 32 27 24 26 22 21 19 17 18 18 18 22 18 13 12 12 12 13 14 12 10 11 16 16 13 13 16 16 18
8 8 8 8 9 14 14 18 18 11 8 8 9 11 7 8 12 15 15 12 12 10 7 7 8 10 6 6 5 5 9 10 13 16 10 9 9 9 9 10 15 15 12 15 16 18 18 18 16 15 15 15 17 21 26 24 22 25 22 19 17 18 18 18 21 20 14 12 12 12 14 14 16 11 10 10 12 14 13 14 16 18 20
8 8 7 7 7 9 11 15 15 9 8 8 8 15 10 7 11 13 11 10 8 8 8 9 12 11 10 7 5 4 5 8 9 12 10 10 10 9 9 10 12 12 12 16 23 22 21 20 18 15 15 15 15 17 22 25 21 19 18 17 17 17 17 18 20 14 12 12 12 14 16 16 16 12 11 12 13 15 13 14 16 18 22
7 6 7 7 7 7 10 11 9 8 8 8 8 9 15 8 8 8 8 8 8 8 10 10 11 10 9 9 6 5 4 5 6 6 9 9 9 9 9 11 12 12 14 22 29 27 22 18 16 15 15 15 15 15 18 22 21 17 17 17 16 17 18 18 15 12 12 12 14 17 18 17 13 11 10 13 14 16 16 14 16 18 20
6 6 6 6 7 7 9 9 9 8 8 8 8 8 16 9 7 8 8 8 8 13 11 9 10 9 8 9 8 5 4 5 5 6 7 6 6 6 7 9 11 11 12 20 29 33 23 18 18 18 17 15 13 14 17 23 21 16 15 17 17 17 18 18 15 14 14 13 16 19 20 18 12 10 8 12 15 18 16 15 16 16 19
5 5 5 5 7 7 7 7 8 8 8 7 7 8 11 11 8 9 15 11 10 11 10 10 9 8 10 10 8 5 5 5 5 5 5 5 6 6 6 7 9 10 12 13 20 19 18 18 18 20 20 18 14 14 15 19 22 15 15 16 19 20 23 23 18 16 15 14 17 23 23 17 13 10 8 12 13 15 16 15 16 16 19
6 5 5 5 6 6 7 7 7 8 8 7 7 9 15 15 9 8 10 13 15 17 13 11 10 10 10 9 6 6 6 6 5 5 5 5 5 5 6 6 8 8 10 11 12 14 15 16 16 17 20 22 17 16 17 20 19 15 15 16 22 25 30 26 22 21 18 16 16 19 22 18 13 10 8 9 12 15 17 16 16 16 19
6 6 5 5 6 7 7 7 7 7 8 8 8 14 15 12 8 8 9 11 13 14 14 14 11 10 8 9 9 9 8 6 6 6 6 6 6 5 6 6 6 8 9 11 12 15 15 16 16 16 18 19 22 25 22 18 15 14 15 18 25 26 36 32 25 23 22 18 18 18 22 20 12 10 8 9 12 15 21 19 16 16 16
7 7 7 7 9 9 9 6 6 6 8 8 8 9 9 8 8 8 8 8 10 12 13 11 10 9 8 9 10 11 12 12 12 16 13 12 8 6 5 6 6 8 10 12 14 16 16 18 16 16 17 22 26 30 20 16 14 14 15 18 22 25 35 32 26 25 23 20 18 18 19 18 13 10 8 9 12 15 23 22 17 16 16
7 7 8 8 8 6 6 6 6 6 7 7 8 8 8 8 8 9 9 8 12 18 15 14 14 13 11 11 13 17 16 17 19 22 24 24 13 6 5 6 7 10 12 12 15 18 18 18 16 16 18 24 36 33 22 18 15 14 14 16 18 22 30 29 26 23 22 22 19 19 19 15 13 9 8 9 11 13 19 19 17 16 16
