data/Layers_WA/bio12.asc
NCOLS 376 
NROWS 439 
XLLCORNER -124.708333333333 
YLLCORNER 28 
CELLSIZE 0.0416666666666649 
NODATA_value -3.4e+38 
[rows 204 to 237 of 439, columns 77 to 153 of 376]
281 277 278 283 288 294 300 307 310 313 317 319 321 324 330 338 351 363 378 401 416 428 453 501 557 584 575 598 773 785 870 990 1016 986 939 971 1042 1083 1068 1056 1031 989 954 921 891 853 824 793 775 756 748 779 855 798 775 730 597 508 518 467 437 409 402 384 399 409 417 437 371 291 257 228 220 196 255 591 625
278 271 271 273 280 285 290 296 301 305 308 312 316 320 328 336 345 358 366 376 389 398 409 432 487 549 538 581 675 784 766 826 965 973 940 921 976 994 1009 1047 1041 1009 976 945 915 891 858 806 776 762 725 767 818 892 780 681 631 650 552 483 442 420 396 373 351 335 327 371 382 298 282 238 216 183 184 301 565
300 271 266 270 273 276 284 290 293 299 302 307 311 315 323 330 338 345 351 365 377 389 404 417 435 487 546 557 606 634 617 763 937 910 891 858 929 936 915 946 903 915 968 963 922 887 856 823 792 825 790 728 777 796 738 759 649 580 553 491 468 435 415 388 363 343 327 320 328 301 292 254 216 184 171 208 391
344 312 282 277 274 276 278 283 287 292 296 299 304 312 315 322 329 338 346 352 362 374 384 397 412 456 485 544 584 583 702 679 769 851 772 851 915 835 841 810 959 1013 1022 984 939 905 870 839 810 815 855 790 771 725 642 710 655 568 548 547 478 446 424 399 377 355 338 328 319 300 280 260 221 188 170 189 333
407 378 331 298 282 276 276 279 282 286 290 294 299 302 309 316 323 331 338 347 355 366 375 389 405 421 445 476 561 546 633 776 712 706 715 790 782 887 986 974 873 947 982 1006 971 920 887 862 835 810 808 777 737 681 649 647 631 569 551 573 554 509 492 419 397 367 349 336 324 306 287 262 219 186 171 187 278
520 427 391 401 329 288 281 279 280 282 286 290 292 297 304 311 317 323 329 342 349 356 369 378 387 399 417 440 516 533 578 676 838 836 897 863 906 895 980 1012 957 1059 1057 1012 988 957 910 876 845 813 811 756 725 699 674 643 613 586 567 600 664 668 634 572 488 392 367 347 328 309 292 262 223 187 169 169 251
584 497 481 452 390 339 295 283 281 280 280 284 288 292 294 299 306 313 321 327 334 341 349 360 373 387 403 418 444 504 544 597 710 739 844 895 888 908 916 952 1002 1060 1069 1043 1014 993 946 901 858 831 811 778 755 733 702 668 633 599 589 579 565 640 701 691 587 592 508 453 340 305 278 246 220 184 166 157 212
594 574 542 535 431 400 334 293 282 278 278 281 283 286 289 293 298 305 310 313 322 327 333 342 359 378 407 432 435 471 530 548 574 644 789 770 793 830 829 847 912 965 972 1062 1051 1017 964 908 880 871 854 819 789 761 721 692 653 619 622 689 618 618 671 691 685 666 512 577 343 278 263 243 212 187 168 156 187
595 542 515 460 438 391 388 319 288 281 277 278 280 281 285 287 290 293 298 302 307 312 324 336 353 381 403 406 414 422 489 514 587 596 719 735 664 725 756 766 861 832 926 1049 1020 1025 1001 958 917 907 876 848 818 779 739 720 689 639 657 657 615 615 587 608 615 681 612 609 349 275 247 237 215 191 166 152 164
567 553 528 494 498 408 391 335 296 283 281 276 273 277 277 281 282 286 289 295 299 304 309 322 335 351 375 378 386 391 426 458 490 546 587 653 699 733 689 680 744 810 838 910 946 963 1018 981 931 923 889 852 811 770 782 741 712 677 632 594 569 553 606 663 726 743 739 528 360 294 258 234 206 183 163 150 158
554 569 559 466 469 422 377 342 301 285 278 275 272 271 272 275 277 279 281 285 289 293 302 313 323 335 346 357 366 374 389 414 448 473 518 588 645 658 599 601 576 758 752 771 823 904 971 993 978 941 911 841 781 797 797 766 717 709 675 636 586 582 592 672 758 768 627 496 578 345 313 270 223 192 168 154 148
565 568 584 526 439 430 387 330 297 283 274 272 269 267 266 267 267 270 271 277 280 286 297 309 317 323 333 340 349 359 369 388 408 437 481 527 530 548 557 551 607 710 812 890 812 861 922 938 976 972 935 870 811 844 797 745 710 685 671 647 618 608 705 666 744 746 686 698 559 366 346 316 285 252 186 160 152
555 537 509 452 483 402 397 354 302 283 271 270 265 262 260 258 260 261 264 268 275 281 291 300 308 315 321 329 335 343 353 363 382 414 443 479 482 464 493 562 646 615 746 816 892 920 924 866 938 984 956 876 817 852 793 774 742 698 692 674 623 612 656 693 690 618 697 766 615 391 373 410 368 329 232 168 160
552 543 486 446 438 408 390 355 315 286 270 265 259 257 256 252 254 255 257 262 266 275 281 289 296 302 310 317 326 332 339 345 354 371 408 415 415 462 507 574 599 560 674 740 751 753 826 831 838 940 942 846 819 887 884 836 768 711 685 683 642 617 604 565 601 736 718 747 653 486 469 575 465 424 271 179 166
548 550 493 480 455 452 413 378 332 298 267 259 253 249 249 246 246 248 249 252 258 262 271 277 286 291 298 306 313 319 325 332 340 346 359 382 409 425 450 509 514 559 607 714 685 630 731 721 752 830 866 797 853 863 880 846 769 726 702 680 663 654 661 662 651 617 659 790 701 648 559 647 539 490 337 235 173
550 556 494 451 456 437 432 396 340 289 266 253 247 244 241 241 240 238 240 244 246 253 259 268 274 280 289 294 301 305 312 320 327 333 339 351 376 395 406 435 515 524 548 592 570 690 659 587 635 679 715 850 920 924 914 861 795 747 731 686 660 635 613 643 691 680 718 745 779 766 638 731 595 431 340 266 192
547 561 512 457 412 401 429 391 312 300 259 247 242 239 236 234 234 232 232 236 240 244 248 253 262 268 274 281 289 293 298 305 312 319 321 329 341 358 365 421 476 507 519 514 511 648 587 658 657 867 854 885 946 919 923 898 868 773 735 707 679 649 621 616 683 730 775 777 743 590 695 777 654 545 392 308 248
516 509 517 454 385 398 403 349 291 273 256 245 239 235 230 230 228 224 226 230 233 236 239 245 249 256 264 269 274 281 286 291 298 301 307 313 321 331 344 373 391 412 418 480 476 505 533 629 659 825 891 911 933 864 856 915 874 849 766 725 698 699 654 633 631 666 719 714 717 582 581 603 709 744 496 326 240
481 482 454 404 390 415 395 371 316 288 289 266 243 233 225 221 220 218 218 221 225 227 230 234 239 245 251 255 261 267 274 278 282 287 294 299 306 314 326 342 354 375 380 415 441 516 541 559 646 709 739 817 798 820 794 878 881 862 842 785 772 711 665 664 651 663 693 634 559 579 556 668 730 742 602 351 240
410 397 394 392 415 432 452 492 349 289 264 258 242 229 222 215 210 211 210 211 216 218 221 226 228 235 240 245 251 255 261 266 271 277 281 286 294 301 313 326 335 357 352 381 427 446 463 486 522 605 685 710 705 758 729 798 800 826 838 827 796 716 675 661 620 616 623 617 534 500 551 654 700 645 677 426 263
394 371 352 348 387 443 512 431 377 315 282 243 236 224 222 217 204 202 205 205 207 211 213 217 221 225 229 237 240 244 250 256 261 267 271 278 283 291 302 312 322 331 334 359 422 427 449 455 559 626 661 625 656 701 696 784 733 803 859 786 815 735 688 668 669 615 574 562 554 564 675 653 634 710 724 489 307
402 368 347 333 373 464 536 535 450 343 348 292 237 227 230 233 213 200 199 199 201 203 205 212 213 217 222 223 230 237 241 247 249 256 263 267 273 281 290 298 307 310 329 339 361 376 393 425 484 596 646 654 678 566 654 706 683 695 715 756 775 729 739 700 658 607 639 655 630 643 676 574 636 632 635 607 411
377 366 347 336 344 416 478 431 537 377 359 373 288 265 253 238 223 199 195 196 195 198 200 204 206 209 213 216 221 226 231 237 242 248 253 259 265 272 278 285 293 304 313 327 338 356 371 394 432 523 592 546 551 591 671 738 714 667 680 682 672 659 651 623 646 657 646 617 648 649 615 523 583 603 682 670 410
415 391 351 342 353 348 426 417 472 472 375 466 490 402 311 243 220 202 194 193 194 194 197 198 200 201 207 207 215 218 222 229 234 238 242 251 255 262 270 277 286 291 300 312 326 339 354 374 404 440 472 532 532 642 645 720 752 750 709 773 826 835 687 668 621 636 614 590 593 565 520 564 660 716 709 679 418
586 492 417 359 341 362 386 425 425 480 461 495 506 445 282 219 218 213 203 193 190 193 192 195 197 197 201 202 207 211 215 220 224 230 236 239 247 253 258 264 274 280 290 298 311 326 340 355 381 391 437 479 567 642 657 706 731 768 781 762 874 861 785 789 743 702 670 629 569 561 559 558 571 618 696 682 466
602 578 497 400 350 333 396 411 415 465 492 517 583 479 274 246 298 297 231 199 189 191 192 191 192 194 195 196 199 202 207 211 216 222 227 233 239 242 248 257 262 272 280 291 301 313 328 340 350 384 453 442 540 654 643 710 704 705 723 781 883 880 856 772 748 713 683 653 627 599 621 700 746 664 729 748 550
585 595 600 497 385 335 364 354 455 458 490 538 561 537 322 271 358 355 278 207 192 190 190 189 189 189 189 192 192 196 200 204 208 214 218 225 230 236 240 246 253 262 271 281 292 303 313 322 334 363 377 390 418 534 578 609 690 726 719 722 744 814 831 808 747 710 694 664 656 644 615 703 824 766 834 819 636
413 498 591 587 547 420 367 434 388 454 481 443 467 391 287 288 346 379 306 226 192 191 190 188 184 184 186 186 188 190 192 198 201 206 210 216 223 227 232 239 247 254 263 272 284 293 303 312 322 336 344 358 371 409 490 639 671 683 696 704 692 731 765 795 793 730 706 724 735 706 720 700 849 726 743 793 830
349 404 466 575 622 563 426 397 482 500 614 576 424 354 291 247 248 250 238 215 227 205 195 190 183 181 182 183 185 184 186 191 194 200 204 209 214 221 226 232 238 247 253 263 273 283 293 300 311 319 327 344 353 376 483 620 639 630 690 692 686 668 662 742 776 759 724 710 742 726 750 778 764 721 679 732 810
341 358 414 504 572 547 507 429 400 425 549 634 510 540 484 369 330 284 273 249 271 252 220 197 188 182 183 183 183 184 184 186 189 191 198 203 207 213 218 225 231 237 247 254 263 272 282 288 297 305 315 328 334 347 374 463 526 591 677 648 678 672 642 635 694 734 703 667 668 658 717 829 790 707 618 726 816
342 332 350 393 498 528 491 434 400 382 405 502 560 587 508 402 403 447 444 344 378 374 340 255 210 192 188 183 182 182 181 181 184 187 192 195 200 206 211 219 224 232 236 243 252 261 268 276 285 292 302 310 319 330 390 449 430 541 645 587 660 655 633 646 607 585 618 649 655 676 767 753 831 789 612 719 788
374 339 332 333 436 465 470 463 385 402 405 421 459 528 629 590 479 384 376 337 392 486 494 361 255 207 191 184 180 180 179 177 179 183 186 191 193 199 204 210 218 224 231 236 242 250 260 265 271 281 287 296 308 317 329 344 390 424 543 556 655 626 608 611 608 658 705 722 704 696 767 726 668 649 600 685 694
553 394 332 311 312 372 425 502 381 382 358 441 423 488 567 564 615 536 458 448 458 495 397 328 280 230 193 187 180 179 175 175 177 179 182 183 190 194 199 203 207 217 223 229 235 241 249 255 263 269 277 285 295 307 319 333 386 371 453 466 592 590 556 611 636 607 653 681 717 702 773 766 711 626 609 732 711
767 607 424 327 303 293 348 339 329 335 340 385 406 415 489 562 527 613 668 749 719 594 433 342 308 249 204 191 184 175 173 175 173 177 179 182 184 190 195 198 202 208 214 221 228 233 239 246 251 259 267 276 286 296 308 325 338 347 365 398 501 538 582 600 678 702 748 737 739 789 803 786 751 651 600 643 644
