data/Layers_WA/bio18.asc
NCOLS 376 
NROWS 439 
XLLCORNER -124.708333333333 
YLLCORNER 28 
CELLSIZE 0.0416666666666649 
NODATA_value -3.4e+38 
[rows 111 to 147 of 439, columns 164 to 245 of 376]
43 44 45 52 58 64 71 68 69 67 66 57 53 57 57 57 54 54 54 54 53 53 53 52 52 51 52 52 52 52 53 53 53 53 53 53 53 54 55 56 65 67 65 65 71 82 77 75 69 64 67 70 71 76 74 68 63 72 76 75 84 74 74 68 68 68 67 70 74 74 74 69 63 66 69 72 75 85 85 76 73 70
42 44 45 56 66 73 58 53 54 62 63 55 50 53 54 54 53 52 54 52 52 52 53 51 51 52 52 52 52 53 53 53 54 54 55 53 53 53 55 58 71 62 61 69 74 83 74 71 67 67 67 75 75 75 76 69 65 69 72 72 72 68 68 67 71 74 74 77 77 72 67 66 64 64 68 72 79 88 82 73 70 67
41 43 45 58 71 67 54 48 46 46 55 49 47 53 60 54 54 54 52 51 51 50 49 51 52 52 52 52 53 53 53 53 55 56 56 53 56 57 57 57 61 61 61 74 77 84 84 70 67 67 67 73 71 70 73 70 66 65 69 72 70 65 64 64 67 74 82 86 83 75 70 67 66 66 67 72 78 82 73 70 66 64
41 42 44 51 66 71 51 44 43 43 43 49 50 54 55 53 51 47 49 50 48 49 49 51 53 52 53 53 53 54 53 53 56 56 57 55 64 64 61 60 65 65 68 71 83 101 87 68 67 67 70 70 67 73 76 70 66 65 65 72 78 67 64 61 64 68 80 88 86 77 70 67 67 66 67 70 76 71 67 66 64 67
41 41 44 58 74 64 50 43 42 42 43 45 50 50 50 47 47 45 46 50 46 49 52 51 53 53 53 53 56 56 54 56 58 60 64 59 58 58 58 57 64 61 63 72 93 90 74 67 64 64 70 70 67 66 69 69 66 66 66 70 78 68 64 61 64 67 74 83 86 83 73 67 67 66 67 70 74 65 63 63 65 72
41 41 47 67 72 54 46 42 42 41 42 42 44 45 44 45 45 43 44 47 54 54 52 52 53 55 53 53 56 56 58 63 69 66 69 61 67 67 62 61 58 57 58 67 77 84 72 67 64 64 67 73 70 63 63 67 66 71 72 69 71 65 62 61 62 64 67 74 84 83 73 67 67 67 64 65 66 63 63 63 66 72
40 41 44 55 67 54 44 42 40 41 43 43 43 41 42 42 43 43 45 49 55 59 57 54 56 56 56 55 56 60 63 64 66 64 68 68 71 71 68 67 58 57 57 61 70 77 75 65 64 62 64 72 70 64 60 63 66 74 81 72 68 68 61 59 61 61 64 67 72 76 72 67 67 70 64 62 63 63 63 63 66 66
40 44 44 45 53 51 42 40 40 41 49 47 43 41 42 43 44 45 46 52 61 65 64 59 59 61 59 59 59 59 59 58 59 59 63 69 79 81 76 69 61 57 57 61 77 80 76 67 64 62 61 67 67 62 58 60 67 73 76 72 69 70 63 58 60 61 63 68 67 77 76 70 70 68 64 63 66 66 63 63 66 67
39 44 48 47 43 41 39 39 39 41 46 46 43 41 42 45 49 47 47 52 57 64 70 62 60 69 62 61 56 52 52 53 55 58 63 69 79 71 67 62 57 57 59 70 84 77 71 64 63 61 61 62 62 59 58 60 63 66 69 72 72 66 59 58 58 59 61 61 67 82 73 67 67 67 70 72 71 66 63 63 66 68
39 43 54 46 40 39 39 39 39 41 47 43 41 42 45 46 48 45 45 49 57 67 70 65 64 65 62 55 50 49 52 55 56 57 58 67 69 68 61 58 57 58 64 72 74 70 67 64 62 61 60 60 60 62 62 60 60 61 63 66 65 59 58 57 58 58 58 58 58 64 71 64 64 64 70 79 72 69 65 65 65 68
39 43 55 51 40 39 39 39 39 43 53 43 43 48 56 47 43 43 45 47 50 56 70 74 64 56 52 49 49 49 52 52 52 53 56 59 62 66 62 58 60 67 69 67 65 67 64 62 61 60 59 61 66 69 65 62 58 60 61 61 61 59 57 57 57 57 57 58 58 58 70 67 64 69 70 75 69 66 66 66 65 68
39 42 57 48 40 39 39 39 39 46 50 43 48 63 57 45 42 42 43 45 49 54 55 48 49 49 49 48 48 51 55 59 56 53 56 59 61 67 68 66 66 70 64 62 67 66 62 62 64 59 59 64 72 74 69 62 60 57 60 60 59 57 56 56 56 56 56 55 58 61 70 61 64 73 67 66 66 71 72 71 68 68
38 41 48 43 39 39 39 39 40 47 46 46 57 65 53 42 41 41 42 42 42 42 42 47 52 48 47 49 53 56 56 56 58 55 55 59 62 69 75 72 72 62 58 62 66 74 66 62 59 59 62 67 71 71 66 59 56 57 61 60 60 58 56 56 56 55 55 55 55 58 58 58 61 71 66 63 63 74 81 83 74 68
37 39 42 42 39 39 39 38 38 40 41 47 56 47 43 40 40 40 41 41 42 42 47 50 49 50 53 52 52 55 56 54 56 53 55 59 65 73 73 69 66 59 55 62 69 78 68 62 60 62 66 76 71 63 59 58 55 62 65 59 58 56 56 56 56 56 58 59 59 58 57 61 64 66 63 60 62 68 74 83 74 68
38 40 43 39 39 39 38 38 38 38 46 47 41 39 38 38 40 40 40 41 41 42 43 49 57 55 50 47 49 52 50 49 52 52 55 55 62 72 76 72 61 58 55 62 68 66 62 62 62 63 70 73 65 59 56 58 55 62 59 55 55 55 55 56 57 66 81 69 69 58 61 70 77 72 61 59 59 64 77 77 70 66
41 44 48 39 38 38 39 38 37 38 46 43 38 38 38 38 38 39 40 40 41 42 44 51 60 52 47 45 46 47 47 48 50 54 53 52 56 65 67 62 55 55 59 67 66 62 59 62 62 66 73 72 62 56 55 55 55 58 55 54 55 55 56 58 64 83 106 78 65 58 62 68 82 78 64 58 59 62 80 80 68 64
39 40 41 38 39 42 46 40 37 37 41 40 38 38 38 38 38 39 40 40 41 42 45 52 51 47 45 45 45 46 47 48 50 51 48 50 53 63 60 55 53 54 65 71 64 57 62 66 66 69 69 63 55 53 53 53 54 55 54 55 55 55 58 63 73 93 104 72 61 57 59 64 77 75 63 58 59 62 83 88 67 61
38 36 36 39 43 51 57 46 40 38 39 43 42 40 38 38 38 38 39 40 40 41 44 45 45 47 45 45 45 50 48 50 53 48 47 50 56 63 57 53 52 56 60 70 64 56 60 64 68 69 64 55 52 51 54 53 53 53 53 55 55 55 61 72 88 107 104 68 58 57 57 60 66 66 60 57 57 63 87 84 62 60
38 37 37 40 51 66 66 52 43 41 43 46 43 40 38 38 38 38 39 39 40 40 41 42 47 47 47 47 47 57 50 53 50 44 46 46 53 61 53 50 50 53 56 60 58 56 62 66 64 60 56 52 52 66 65 55 53 53 54 54 55 58 65 80 90 107 103 66 57 57 57 57 58 58 57 57 57 61 84 73 59 59
42 37 37 42 56 63 74 56 46 43 46 41 38 38 38 38 38 38 39 39 40 40 41 42 46 47 48 48 49 50 49 47 43 43 43 43 49 58 50 49 52 53 52 53 52 55 60 64 56 52 51 48 57 60 57 54 53 55 55 55 56 58 67 70 70 82 87 72 57 56 57 56 56 57 57 57 57 58 75 68 59 59
47 39 39 40 48 60 60 58 50 43 43 39 39 41 41 41 40 38 38 39 39 40 40 47 53 53 51 53 53 53 43 42 42 42 42 44 48 53 53 51 52 50 49 49 51 54 60 56 49 48 49 53 57 53 55 57 55 57 57 57 59 65 82 78 67 69 81 72 56 56 55 56 57 57 57 57 57 58 70 64 58 58
47 39 39 39 44 57 54 66 53 41 39 43 50 52 46 46 43 40 40 39 39 40 40 45 60 57 56 55 53 44 42 42 42 42 42 44 49 57 61 54 50 47 47 47 50 56 52 48 48 52 59 60 53 53 56 57 58 59 59 65 72 84 99 85 66 63 76 65 57 56 55 57 58 61 57 57 57 58 68 64 58 58
51 41 39 39 39 47 54 55 46 40 43 52 54 46 44 46 46 43 42 40 40 40 40 42 55 61 56 47 41 42 42 42 42 42 43 45 54 64 67 54 49 47 46 46 48 52 48 55 52 56 56 53 52 53 56 60 61 62 67 74 83 98 97 70 63 64 75 65 58 58 57 57 58 64 57 57 56 57 62 62 58 58
50 44 39 39 39 44 54 51 42 42 49 46 44 43 43 46 50 59 53 43 40 40 40 40 43 45 41 41 41 42 43 46 44 43 47 47 54 61 61 54 50 47 49 53 54 53 58 65 53 54 51 52 54 56 57 61 66 74 89 95 102 105 73 63 63 62 66 62 59 58 58 57 57 66 60 57 57 64 80 65 58 58
53 46 40 39 39 41 46 49 44 45 48 48 44 42 44 51 63 63 62 49 42 40 40 40 40 40 41 49 52 54 54 51 44 42 45 47 51 54 58 56 52 50 57 61 64 64 61 57 52 53 52 53 54 57 59 68 87 100 95 102 107 89 66 62 62 62 65 63 63 59 59 57 63 69 60 59 62 74 91 73 58 58
56 46 40 40 39 40 47 48 47 52 63 52 45 42 46 55 66 66 63 51 46 41 40 40 40 41 43 54 61 52 45 44 42 43 44 46 47 50 52 52 47 53 57 64 67 62 57 53 53 53 57 54 56 58 63 70 84 102 107 114 98 75 63 62 61 62 63 63 65 61 60 62 77 79 68 65 71 86 80 67 58 58
55 46 44 45 41 41 42 45 50 63 66 49 42 42 43 49 53 55 53 46 41 41 40 41 41 41 42 49 54 47 45 47 45 43 43 43 44 47 49 53 55 49 55 59 64 60 56 54 57 57 61 54 57 58 61 65 73 84 100 109 83 66 62 61 61 62 63 65 70 64 64 68 84 98 79 76 77 74 67 60 58 58
52 49 52 50 45 43 42 45 52 60 53 45 42 42 42 43 45 46 47 41 41 41 41 41 41 42 43 49 54 50 49 45 43 43 43 46 50 54 52 58 60 51 53 67 79 67 58 61 60 60 57 53 55 57 61 74 89 97 103 97 71 62 61 61 62 62 63 66 68 63 64 69 92 88 79 80 75 65 60 58 58 58
46 50 56 54 48 45 42 45 56 62 47 42 41 41 40 40 42 42 41 41 41 41 41 44 50 52 52 54 63 56 47 43 43 43 44 48 55 55 49 59 58 49 51 58 70 66 63 65 63 67 58 53 56 57 63 79 96 109 97 80 64 62 62 62 63 62 62 63 62 62 64 67 73 73 69 69 66 61 58 58 58 57
46 55 61 49 44 41 41 46 59 65 45 41 41 41 41 42 42 42 40 42 42 43 48 61 66 58 60 63 60 50 45 43 43 46 49 49 49 46 52 61 54 49 49 57 64 75 69 69 64 63 56 55 55 56 63 75 88 103 81 65 62 62 61 61 62 62 62 62 62 61 61 63 65 66 63 63 60 58 58 60 60 59
42 52 58 47 41 41 41 54 73 56 42 41 41 41 41 48 44 41 41 42 42 46 57 72 77 62 66 62 53 47 44 43 43 44 44 45 45 49 60 60 52 49 50 60 67 79 73 66 62 58 55 55 55 57 67 80 96 100 69 61 61 61 61 62 63 63 63 65 65 61 62 64 69 66 63 60 59 58 61 69 67 63
39 46 58 49 41 40 44 55 67 52 42 41 41 41 45 48 42 41 41 42 45 50 62 71 72 60 58 59 50 46 44 43 43 44 45 49 59 70 68 57 52 50 51 57 64 74 68 63 60 57 56 54 58 59 65 73 81 80 63 61 61 61 61 63 65 66 64 64 70 63 69 70 67 63 62 60 59 60 68 82 73 66
42 48 55 50 41 40 48 49 55 49 42 41 41 48 54 48 44 41 41 44 48 54 62 65 71 59 54 53 49 44 44 43 43 45 52 65 70 70 60 56 52 50 51 56 66 74 66 62 59 56 55 56 57 61 66 72 77 72 62 61 61 63 66 72 72 70 68 64 62 65 78 78 69 63 61 59 60 62 69 82 76 72
48 58 55 45 40 42 52 52 46 44 44 49 48 53 58 51 46 44 41 45 51 59 65 57 59 55 54 49 46 44 43 43 48 55 63 72 69 60 55 53 51 50 51 56 65 72 75 63 59 55 55 57 59 63 76 87 85 65 61 61 62 64 68 72 81 83 77 65 63 69 89 89 75 62 59 62 62 65 68 71 70 70
41 46 46 40 38 42 51 47 40 41 47 55 51 50 49 54 50 44 41 46 54 58 57 52 51 49 49 46 44 43 43 49 61 64 64 69 60 55 53 51 51 51 52 59 63 65 68 62 58 55 55 58 59 65 75 98 95 61 60 65 65 65 66 72 80 91 81 69 66 69 83 91 80 65 62 61 62 67 70 70 70 73
40 48 43 39 36 40 46 41 38 42 54 67 58 54 50 47 44 43 43 46 55 60 55 49 47 45 45 44 44 46 54 67 70 64 61 59 57 53 51 51 52 54 58 69 68 62 60 61 61 58 58 57 61 67 81 103 88 60 63 68 78 74 69 71 74 74 79 73 67 67 79 94 78 69 64 61 61 64 68 65 68 75
43 51 41 40 36 36 39 36 36 44 57 61 55 58 53 47 43 43 43 49 61 61 53 47 47 49 47 50 52 57 59 73 68 59 54 54 52 52 52 53 53 58 64 74 64 58 57 58 61 60 58 58 63 73 86 94 66 60 61 65 78 78 73 70 73 73 70 69 65 67 73 93 82 82 64 61 61 61 62 63 67 70
