data/Layers_WA/bio10.asc
NCOLS 376 
NROWS 439 
XLLCORNER -124.708333333333 
YLLCORNER 28 
CELLSIZE 0.0416666666666649 
NODATA_value -3.4e+38 
[rows 68 to 101 of 439, columns 77 to 153 of 376]
150 147 146 147 150 152 153 154 156 158 160 162 162 162 161 162 163 161 162 166 167 169 169 168 166 165 165 166 165 166 164 163 164 164 166 167 167 165 160 162 168 171 173 173 172 172 172 172 173 174 172 171 170 168 166 165 166 166 170 171 172 172 172 172 172 173 173 173 173 174 168 161 160 157 166 166 182
135 134 137 142 145 149 152 155 159 161 163 164 164 164 164 164 164 164 160 163 167 169 170 170 170 170 170 167 167 166 166 165 164 163 164 166 163 160 156 165 166 170 173 174 172 173 174 174 175 175 174 174 173 171 169 168 169 168 166 169 173 172 172 172 173 173 174 174 175 175 172 174 174 170 176 176 190
130 126 128 129 136 142 150 157 161 162 164 165 166 167 167 168 166 165 162 165 168 170 171 172 172 173 173 172 170 166 165 164 166 166 167 163 152 150 142 159 167 163 167 174 174 176 176 175 175 177 177 176 176 174 173 173 172 172 173 173 173 173 173 173 173 174 174 175 175 175 173 171 173 177 182 182 186
129 135 129 124 125 134 146 156 159 161 165 166 167 168 169 169 170 169 169 169 171 172 173 173 173 174 174 173 170 166 165 164 165 169 169 165 159 152 149 157 168 168 170 173 174 175 177 176 177 178 178 177 177 176 175 175 175 172 173 174 174 174 174 174 174 174 174 175 176 175 172 167 163 173 178 177 181
139 140 132 118 119 132 148 156 158 161 165 158 166 169 170 171 171 172 172 173 173 174 174 174 174 175 174 175 171 169 166 164 166 169 169 168 165 163 164 167 169 171 173 173 173 172 174 175 176 177 178 175 176 177 177 177 177 176 175 175 174 173 174 174 174 174 174 174 175 175 175 167 167 168 170 172 178
141 144 139 127 126 130 142 154 160 160 164 167 158 161 171 172 172 173 173 174 174 174 174 173 175 175 176 175 173 170 169 168 170 170 172 173 173 170 168 166 167 171 173 173 171 167 166 170 172 176 174 172 172 172 174 178 177 177 176 175 172 172 174 174 174 173 171 173 173 171 174 176 178 177 169 175 179
142 145 144 134 128 139 144 150 159 165 167 169 169 164 167 171 174 174 173 171 167 168 165 165 175 176 176 171 171 172 170 171 168 168 175 176 175 173 168 162 163 163 167 172 168 166 164 163 167 169 168 168 169 170 171 174 177 177 176 172 172 175 175 174 173 171 171 173 174 172 173 176 177 178 179 180 182
143 144 146 139 138 144 150 153 160 164 167 169 171 170 170 172 174 171 166 164 157 156 157 160 171 174 171 168 172 172 171 168 164 170 174 177 177 173 166 158 162 165 171 171 166 165 163 164 166 166 167 166 164 162 166 169 173 177 175 170 169 175 175 175 174 175 174 175 175 174 174 171 172 176 172 173 175
143 144 147 147 150 150 152 157 160 164 166 168 169 169 174 174 167 158 158 154 153 151 157 164 169 169 167 167 169 168 172 166 169 172 172 178 178 170 164 163 166 169 173 171 164 164 163 165 167 167 164 163 162 164 162 160 160 171 174 170 167 171 175 176 175 172 174 174 172 175 171 156 154 163 164 153 153
149 146 141 141 143 147 151 152 156 159 162 161 161 159 168 174 162 157 158 161 166 167 161 162 165 162 160 163 167 168 172 175 174 173 176 178 179 172 163 163 168 172 174 166 161 162 161 166 168 162 162 161 161 162 162 161 158 158 165 167 162 163 170 176 176 176 173 167 166 172 170 165 156 148 155 159 161
152 144 136 133 132 133 142 147 151 157 148 139 150 151 146 149 152 170 174 180 179 178 163 160 165 158 160 163 165 169 175 177 175 175 177 175 178 165 162 162 166 172 175 162 157 158 161 167 161 159 159 161 161 161 160 160 159 160 160 162 158 155 163 174 175 175 175 175 170 166 164 156 151 142 147 155 158
153 144 130 118 116 118 130 137 146 154 150 139 141 141 138 128 131 179 183 182 181 173 160 160 159 159 161 161 165 171 174 175 178 179 180 180 166 157 160 163 165 170 170 154 156 159 165 159 156 159 159 159 161 161 161 160 160 159 159 161 161 157 161 176 173 172 171 170 168 162 155 151 148 146 143 147 167
153 142 117 106 108 117 130 136 147 154 153 145 136 135 131 124 154 184 183 182 180 172 158 168 162 158 163 163 164 169 169 172 175 177 178 179 158 144 160 164 164 167 163 155 156 164 165 158 158 159 158 159 161 162 160 163 164 163 161 157 159 156 165 176 173 169 164 160 161 163 154 143 140 139 136 162 180
154 149 132 116 125 127 132 140 149 152 152 145 140 133 129 125 173 182 183 182 180 173 162 154 165 165 164 164 166 168 167 166 172 174 176 175 165 158 161 163 164 159 159 159 161 165 169 167 160 158 160 162 166 165 162 161 161 165 165 160 155 157 173 177 171 164 155 147 149 153 151 144 137 136 158 182 177
152 152 142 128 130 134 137 145 150 152 153 146 141 135 128 121 164 181 182 181 179 177 172 160 160 168 165 163 166 169 168 167 172 172 174 176 162 161 162 162 160 158 161 164 169 170 172 174 162 162 163 167 169 167 167 166 165 165 165 164 158 160 177 177 168 159 151 143 137 144 144 136 132 140 181 182 178
152 152 142 132 132 136 141 148 151 152 153 150 144 137 128 121 153 180 180 181 179 177 174 164 162 164 164 164 167 172 173 171 171 169 167 171 163 164 165 163 163 162 162 171 177 176 176 175 165 165 166 168 170 171 170 169 169 170 166 163 164 164 171 174 165 155 146 139 131 133 134 129 130 173 179 185 182
153 153 142 131 135 139 142 148 151 151 150 149 146 137 127 123 143 176 179 179 179 177 176 170 171 165 159 163 166 173 180 179 177 174 166 161 160 167 170 171 171 168 168 176 178 178 177 170 167 166 167 169 171 171 171 170 170 172 170 169 171 163 156 167 160 147 139 130 124 115 120 120 160 179 177 184 183
151 153 148 143 143 145 146 148 148 148 147 146 144 138 132 127 125 155 168 177 177 174 175 175 176 176 159 161 166 176 182 181 182 170 162 163 165 172 176 176 175 174 175 179 178 178 176 167 168 168 169 171 172 174 173 173 173 173 173 172 168 161 155 160 162 148 134 126 118 108 108 133 177 179 169 172 190
144 145 147 145 146 146 147 147 146 146 147 145 140 138 135 130 123 123 127 142 142 153 168 176 177 178 160 158 170 181 182 182 169 159 163 167 175 177 178 178 178 178 179 179 179 163 158 167 168 169 169 170 172 173 174 174 174 174 174 173 166 158 154 155 160 159 140 127 121 107 99 152 180 184 178 178 186
142 131 144 149 146 144 144 145 144 142 143 139 130 131 131 126 123 120 117 125 134 156 144 170 177 178 171 159 168 181 182 177 153 158 163 169 175 176 175 178 180 181 181 180 173 147 162 164 167 168 167 167 168 169 173 175 175 175 175 174 167 156 153 156 158 161 158 145 122 105 105 159 184 188 188 183 170
144 142 148 149 148 138 135 143 145 145 144 138 128 124 132 131 124 122 124 127 143 156 140 160 175 175 178 176 171 180 182 175 154 160 163 165 170 173 173 180 181 181 182 173 153 158 164 165 165 167 166 166 169 171 175 176 176 176 176 175 175 161 156 156 154 152 153 146 134 117 133 177 189 190 190 179 172
147 145 149 152 152 147 144 144 150 150 148 143 138 132 132 131 120 113 125 136 152 160 141 150 167 173 179 180 177 176 183 164 153 153 149 150 160 169 180 182 183 181 162 151 156 158 163 165 166 167 167 171 176 176 176 176 176 176 176 176 176 165 151 152 150 148 145 141 135 144 157 187 190 190 190 182 178
157 152 153 154 156 155 154 153 151 153 154 149 144 141 122 117 123 121 132 142 149 154 152 137 151 164 167 176 181 181 163 140 147 153 151 148 158 167 181 183 182 151 127 147 152 154 160 164 166 167 169 173 176 175 175 175 175 177 177 177 177 175 154 145 146 144 136 127 143 178 175 189 191 191 191 177 180
159 157 157 157 157 157 154 149 153 154 154 153 149 138 124 118 129 135 139 146 151 153 155 143 141 160 168 171 174 181 150 140 148 157 163 161 166 175 183 184 183 142 127 137 142 151 158 163 168 171 172 173 173 174 174 173 173 176 178 178 178 178 177 156 145 138 133 127 167 187 186 191 192 192 188 187 189
158 158 160 159 157 157 152 152 153 154 156 156 153 148 143 141 137 137 131 139 152 154 147 143 134 152 164 161 162 177 148 139 150 159 162 165 169 175 184 185 173 127 136 136 147 154 157 161 168 171 169 165 164 167 170 170 169 170 174 179 179 179 179 168 160 160 148 158 179 190 190 192 192 191 186 189 189
146 146 152 157 156 155 150 143 141 147 154 157 157 154 151 149 147 141 132 137 147 148 142 130 132 144 153 152 168 162 129 137 146 152 160 165 167 171 185 186 152 125 151 151 153 155 158 159 168 165 161 144 144 160 164 165 166 169 169 179 180 180 179 168 167 170 162 161 182 192 192 192 188 180 182 186 188
155 147 147 146 144 143 141 145 145 143 151 156 156 154 152 146 146 145 136 126 134 144 143 135 140 146 159 158 169 160 137 132 133 148 158 162 163 164 182 185 172 153 154 154 154 155 157 161 168 162 161 149 140 148 162 166 166 170 170 174 180 180 177 165 167 163 152 166 191 193 192 190 182 174 179 185 187
165 160 154 144 138 138 141 148 148 146 149 150 152 151 143 142 144 146 142 132 129 137 146 144 152 160 168 168 168 155 140 129 124 138 154 159 158 153 166 185 188 171 156 155 156 155 156 163 166 159 158 149 147 156 164 166 165 169 171 176 180 181 163 150 158 158 165 177 192 193 194 189 186 174 173 181 178
167 162 159 154 150 149 149 151 149 149 142 141 147 147 141 141 138 147 154 141 130 136 152 158 160 168 169 168 159 141 134 140 141 148 158 159 155 146 153 189 189 181 164 153 156 156 158 165 169 166 163 153 159 162 166 169 168 169 170 174 175 177 159 154 156 161 175 186 192 194 192 189 189 181 168 178 179
168 162 163 159 155 150 146 151 151 152 146 144 145 146 146 145 139 149 157 154 137 140 147 160 164 169 171 163 149 152 153 149 158 158 161 162 157 147 158 190 188 181 168 154 154 156 164 169 169 168 162 152 156 162 165 168 168 168 166 168 172 166 165 164 167 157 175 182 192 195 191 188 184 181 174 182 183
167 168 167 166 165 157 153 152 153 153 152 150 147 147 148 145 143 153 156 159 159 153 159 165 167 170 172 171 155 145 143 148 154 158 161 163 163 158 185 191 186 177 171 156 153 156 161 170 171 168 162 158 156 160 162 165 166 164 163 166 162 165 168 170 174 155 160 171 186 194 195 192 182 180 180 176 172
169 164 160 163 167 166 165 160 154 153 153 150 150 148 149 147 144 155 150 157 160 158 161 167 168 171 172 173 158 140 141 149 152 156 157 160 158 169 191 191 191 184 161 154 155 158 164 171 171 165 158 157 157 156 153 154 160 161 164 155 153 162 167 173 176 163 141 162 168 192 196 195 191 182 168 159 158
167 162 159 148 154 166 167 164 155 155 155 150 150 149 145 145 149 148 146 151 150 150 160 168 170 171 173 174 165 148 139 148 161 155 157 160 160 188 191 189 189 186 166 159 156 160 168 173 171 157 155 158 157 155 153 148 144 157 162 157 153 154 169 177 178 171 141 141 132 179 197 196 190 176 158 147 148
165 168 165 153 142 159 169 167 159 158 158 156 151 150 148 148 148 146 150 147 146 145 159 169 170 172 173 174 170 145 123 143 153 149 154 160 175 180 181 182 191 186 152 151 159 164 169 173 165 152 153 156 158 156 154 153 154 153 148 154 170 173 179 175 178 177 155 145 153 190 198 197 191 178 159 149 139
