data/Layers_WA/bio18.asc
NCOLS 376 
NROWS 439 
XLLCORNER -124.708333333333 
YLLCORNER 28 
CELLSIZE 0.0416666666666649 
NODATA_value -3.4e+38 
[rows 0 to 36 of 439, columns 82 to 163 of 376]
-3.4e+38 -3.4e+38 -3.4e+38 -3.4e+38 -3.4e+38 -3.4e+38 -3.4e+38 -3.4e+38 -3.4e+38 -3.4e+38 -3.4e+38 -3.4e+38 -3.4e+38 -3.4e+38 -3.4e+38 -3.4e+38 -3.4e+38 -3.4e+38 -3.4e+38 -3.4e+38 -3.4e+38 -3.4e+38 -3.4e+38 -3.4e+38 -3.4e+38 -3.4e+38 -3.4e+38 -3.4e+38 -3.4e+38 -3.4e+38 -3.4e+38 -3.4e+38 -3.4e+38 -3.4e+38 -3.4e+38 -3.4e+38 -3.4e+38 -3.4e+38 -3.4e+38 -3.4e+38 -3.4e+38 -3.4e+38 -3.4e+38 -3.4e+38 -3.4e+38 -3.4e+38 -3.4e+38 -3.4e+38 -3.4e+38 -3.4e+38 -3.4e+38 -3.4e+38 -3.4e+38 -3.4e+38 -3.4e+38 -3.4e+38 -3.4e+38 -3.4e+38 -3.4e+38 -3.4e+38 -3.4e+38 -3.4e+38 -3.4e+38 -3.4e+38 -3.4e+38 -3.4e+38 -3.4e+38 -3.4e+38 -3.4e+38 -3.4e+38 -3.4e+38 -3.4e+38 -3.4e+38 -3.4e+38 -3.4e+38 -3.4e+38 -3.4e+38 -3.4e+38 -3.4e+38 -3.4e+38 -3.4e+38 -3.4e+38
-3.4e+38 -3.4e+38 -3.4e+38 -3.4e+38 -3.4e+38 -3.4e+38 -3.4e+38 -3.4e+38 -3.4e+38 -3.4e+38 -3.4e+38 -3.4e+38 -3.4e+38 -3.4e+38 -3.4e+38 -3.4e+38 -3.4e+38 -3.4e+38 -3.4e+38 -3.4e+38 -3.4e+38 -3.4e+38 -3.4e+38 -3.4e+38 -3.4e+38 -3.4e+38 -3.4e+38 -3.4e+38 -3.4e+38 -3.4e+38 -3.4e+38 -3.4e+38 -3.4e+38 -3.4e+38 -3.4e+38 -3.4e+38 -3.4e+38 -3.4e+38 -3.4e+38 -3.4e+38 -3.4e+38 -3.4e+38 -3.4e+38 -3.4e+38 -3.4e+38 -3.4e+38 -3.4e+38 -3.4e+38 -3.4e+38 -3.4e+38 -3.4e+38 -3.4e+38 -3.4e+38 -3.4e+38 -3.4e+38 -3.4e+38 -3.4e+38 -3.4e+38 -3.4e+38 -3.4e+38 -3.4e+38 -3.4e+38 -3.4e+38 -3.4e+38 -3.4e+38 -3.4e+38 -3.4e+38 -3.4e+38 -3.4e+38 -3.4e+38 -3.4e+38 -3.4e+38 -3.4e+38 -3.4e+38 -3.4e+38 -3.4e+38 -3.4e+38 -3.4e+38 -3.4e+38 -3.4e+38 -3.4e+38 -3.4e+38
-3.4e+38 -3.4e+38 -3.4e+38 -3.4e+38 -3.4e+38 -3.4e+38 -3.4e+38 -3.4e+38 -3.4e+38 -3.4e+38 -3.4e+38 -3.4e+38 -3.4e+38 -3.4e+38 -3.4e+38 -3.4e+38 -3.4e+38 -3.4e+38 -3.4e+38 -3.4e+38 -3.4e+38 -3.4e+38 -3.4e+38 -3.4e+38 -3.4e+38 -3.4e+38 -3.4e+38 -3.4e+38 -3.4e+38 -3.4e+38 -3.4e+38 -3.4e+38 -3.4e+38 -3.4e+38 -3.4e+38 -3.4e+38 -3.4e+38 -3.4e+38 -3.4e+38 -3.4e+38 -3.4e+38 -3.4e+38 -3.4e+38 -3.4e+38 -3.4e+38 -3.4e+38 -3.4e+38 -3.4e+38 -3.4e+38 -3.4e+38 -3.4e+38 -3.4e+38 -3.4e+38 -3.4e+38 -3.4e+38 -3.4e+38 -3.4e+38 -3.4e+38 -3.4e+38 -3.4e+38 -3.4e+38 -3.4e+38 -3.4e+38 -3.4e+38 -3.4e+38 -3.4e+38 -3.4e+38 -3.4e+38 -3.4e+38 -3.4e+38 -3.4e+38 -3.4e+38 -3.4e+38 -3.4e+38 -3.4e+38 -3.4e+38 -3.4e+38 -3.4e+38 -3.4e+38 -3.4e+38 -3.4e+38 -3.4e+38
-3.4e+38 -3.4e+38 -3.4e+38 -3.4e+38 -3.4e+38 -3.4e+38 -3.4e+38 -3.4e+38 -3.4e+38 -3.4e+38 -3.4e+38 -3.4e+38 -3.4e+38 -3.4e+38 -3.4e+38 -3.4e+38 -3.4e+38 -3.4e+38 -3.4e+38 -3.4e+38 -3.4e+38 -3.4e+38 -3.4e+38 -3.4e+38 -3.4e+38 -3.4e+38 -3.4e+38 -3.4e+38 -3.4e+38 -3.4e+38 -3.4e+38 -3.4e+38 -3.4e+38 -3.4e+38 -3.4e+38 -3.4e+38 -3.4e+38 -3.4e+38 -3.4e+38 -3.4e+38 -3.4e+38 -3.4e+38 -3.4e+38 -3.4e+38 -3.4e+38 -3.4e+38 -3.4e+38 -3.4e+38 -3.4e+38 -3.4e+38 -3.4e+38 -3.4e+38 -3.4e+38 -3.4e+38 -3.4e+38 -3.4e+38 -3.4e+38 -3.4e+38 -3.4e+38 -3.4e+38 -3.4e+38 -3.4e+38 -3.4e+38 -3.4e+38 -3.4e+38 -3.4e+38 -3.4e+38 -3.4e+38 -3.4e+38 -3.4e+38 -3.4e+38 -3.4e+38 -3.4e+38 -3.4e+38 -3.4e+38 -3.4e+38 -3.4e+38 -3.4e+38 -3.4e+38 -3.4e+38 -3.4e+38 -3.4e+38
-3.4e+38 -3.4e+38 -3.4e+38 -3.4e+38 -3.4e+38 -3.4e+38 -3.4e+38 -3.4e+38 -3.4e+38 -3.4e+38 -3.4e+38 -3.4e+38 -3.4e+38 -3.4e+38 -3.4e+38 -3.4e+38 -3.4e+38 -3.4e+38 -3.4e+38 -3.4e+38 -3.4e+38 -3.4e+38 -3.4e+38 -3.4e+38 -3.4e+38 -3.4e+38 -3.4e+38 -3.4e+38 -3.4e+38 -3.4e+38 -3.4e+38 -3.4e+38 -3.4e+38 -3.4e+38 -3.4e+38 -3.4e+38 -3.4e+38 -3.4e+38 -3.4e+38 -3.4e+38 -3.4e+38 -3.4e+38 -3.4e+38 -3.4e+38 -3.4e+38 -3.4e+38 -3.4e+38 -3.4e+38 -3.4e+38 -3.4e+38 -3.4e+38 -3.4e+38 -3.4e+38 -3.4e+38 -3.4e+38 -3.4e+38 -3.4e+38 -3.4e+38 -3.4e+38 -3.4e+38 -3.4e+38 -3.4e+38 -3.4e+38 -3.4e+38 -3.4e+38 -3.4e+38 -3.4e+38 -3.4e+38 -3.4e+38 -3.4e+38 -3.4e+38 -3.4e+38 -3.4e+38 -3.4e+38 -3.4e+38 -3.4e+38 -3.4e+38 -3.4e+38 -3.4e+38 -3.4e+38 -3.4e+38 -3.4e+38
-3.4e+38 -3.4e+38 -3.4e+38 -3.4e+38 -3.4e+38 -3.4e+38 -3.4e+38 -3.4e+38 -3.4e+38 -3.4e+38 -3.4e+38 -3.4e+38 -3.4e+38 -3.4e+38 -3.4e+38 -3.4e+38 -3.4e+38 -3.4e+38 -3.4e+38 -3.4e+38 -3.4e+38 -3.4e+38 -3.4e+38 -3.4e+38 -3.4e+38 -3.4e+38 -3.4e+38 -3.4e+38 -3.4e+38 -3.4e+38 -3.4e+38 -3.4e+38 -3.4e+38 -3.4e+38 -3.4e+38 -3.4e+38 -3.4e+38 -3.4e+38 -3.4e+38 -3.4e+38 -3.4e+38 -3.4e+38 -3.4e+38 -3.4e+38 -3.4e+38 -3.4e+38 -3.4e+38 -3.4e+38 -3.4e+38 -3.4e+38 -3.4e+38 -3.4e+38 -3.4e+38 -3.4e+38 -3.4e+38 -3.4e+38 -3.4e+38 -3.4e+38 -3.4e+38 -3.4e+38 -3.4e+38 -3.4e+38 -3.4e+38 -3.4e+38 -3.4e+38 -3.4e+38 -3.4e+38 -3.4e+38 -3.4e+38 -3.4e+38 -3.4e+38 -3.4e+38 -3.4e+38 -3.4e+38 -3.4e+38 -3.4e+38 -3.4e+38 -3.4e+38 -3.4e+38 -3.4e+38 -3.4e+38 -3.4e+38
-3.4e+38 -3.4e+38 -3.4e+38 -3.4e+38 -3.4e+38 -3.4e+38 -3.4e+38 -3.4e+38 -3.4e+38 -3.4e+38 -3.4e+38 -3.4e+38 -3.4e+38 -3.4e+38 -3.4e+38 -3.4e+38 -3.4e+38 -3.4e+38 -3.4e+38 -3.4e+38 -3.4e+38 -3.4e+38 -3.4e+38 -3.4e+38 -3.4e+38 -3.4e+38 -3.4e+38 -3.4e+38 -3.4e+38 -3.4e+38 -3.4e+38 -3.4e+38 -3.4e+38 -3.4e+38 -3.4e+38 -3.4e+38 -3.4e+38 -3.4e+38 -3.4e+38 -3.4e+38 -3.4e+38 -3.4e+38 -3.4e+38 -3.4e+38 -3.4e+38 -3.4e+38 -3.4e+38 -3.4e+38 -3.4e+38 -3.4e+38 -3.4e+38 -3.4e+38 -3.4e+38 -3.4e+38 -3.4e+38 -3.4e+38 -3.4e+38 -3.4e+38 -3.4e+38 -3.4e+38 -3.4e+38 -3.4e+38 -3.4e+38 -3.4e+38 -3.4e+38 -3.4e+38 -3.4e+38 -3.4e+38 -3.4e+38 -3.4e+38 -3.4e+38 -3.4e+38 -3.4e+38 -3.4e+38 -3.4e+38 -3.4e+38 -3.4e+38 -3.4e+38 -3.4e+38 -3.4e+38 -3.4e+38 -3.4e+38
-3.4e+38 -3.4e+38 -3.4e+38 -3.4e+38 -3.4e+38 -3.4e+38 -3.4e+38 -3.4e+38 -3.4e+38 -3.4e+38 -3.4e+38 -3.4e+38 -3.4e+38 -3.4e+38 -3.4e+38 -3.4e+38 -3.4e+38 -3.4e+38 -3.4e+38 -3.4e+38 -3.4e+38 -3.4e+38 -3.4e+38 -3.4e+38 -3.4e+38 -3.4e+38 -3.4e+38 -3.4e+38 -3.4e+38 -3.4e+38 -3.4e+38 -3.4e+38 -3.4e+38 -3.4e+38 -3.4e+38 -3.4e+38 -3.4e+38 -3.4e+38 -3.4e+38 -3.4e+38 -3.4e+38 -3.4e+38 -3.4e+38 -3.4e+38 -3.4e+38 -3.4e+38 -3.4e+38 -3.4e+38 -3.4e+38 -3.4e+38 -3.4e+38 -3.4e+38 -3.4e+38 -3.4e+38 -3.4e+38 36 39 41 43 45 45 45 44 42 42 44 46 47 50 52 52 56 60 67 78 85 82 83 86 93 102 101
-3.4e+38 -3.4e+38 -3.4e+38 -3.4e+38 -3.4e+38 -3.4e+38 -3.4e+38 -3.4e+38 -3.4e+38 -3.4e+38 -3.4e+38 -3.4e+38 -3.4e+38 -3.4e+38 -3.4e+38 -3.4e+38 -3.4e+38 -3.4e+38 -3.4e+38 -3.4e+38 -3.4e+38 -3.4e+38 -3.4e+38 -3.4e+38 -3.4e+38 -3.4e+38 -3.4e+38 -3.4e+38 -3.4e+38 -3.4e+38 -3.4e+38 -3.4e+38 -3.4e+38 -3.4e+38 -3.4e+38 -3.4e+38 -3.4e+38 -3.4e+38 -3.4e+38 -3.4e+38 -3.4e+38 -3.4e+38 -3.4e+38 -3.4e+38 -3.4e+38 -3.4e+38 -3.4e+38 -3.4e+38 27 -3.4e+38 -3.4e+38 -3.4e+38 29 32 35 36 39 41 43 45 49 49 50 50 49 51 49 51 52 53 56 59 66 73 78 87 90 90 94 100 101 96
-3.4e+38 -3.4e+38 -3.4e+38 -3.4e+38 -3.4e+38 -3.4e+38 -3.4e+38 -3.4e+38 -3.4e+38 -3.4e+38 -3.4e+38 -3.4e+38 -3.4e+38 -3.4e+38 -3.4e+38 -3.4e+38 -3.4e+38 -3.4e+38 -3.4e+38 -3.4e+38 -3.4e+38 -3.4e+38 -3.4e+38 -3.4e+38 -3.4e+38 -3.4e+38 -3.4e+38 -3.4e+38 -3.4e+38 -3.4e+38 -3.4e+38 -3.4e+38 -3.4e+38 -3.4e+38 -3.4e+38 -3.4e+38 -3.4e+38 -3.4e+38 -3.4e+38 -3.4e+38 27 27 27 27 28 28 28 28 28 29 29 31 32 34 36 37 40 42 45 46 49 50 53 55 56 59 59 57 58 58 59 64 66 73 79 82 86 90 97 94 102 96
-3.4e+38 -3.4e+38 -3.4e+38 -3.4e+38 -3.4e+38 -3.4e+38 -3.4e+38 -3.4e+38 -3.4e+38 -3.4e+38 -3.4e+38 -3.4e+38 -3.4e+38 -3.4e+38 -3.4e+38 -3.4e+38 -3.4e+38 -3.4e+38 -3.4e+38 -3.4e+38 -3.4e+38 -3.4e+38 -3.4e+38 -3.4e+38 -3.4e+38 -3.4e+38 -3.4e+38 -3.4e+38 -3.4e+38 -3.4e+38 -3.4e+38 -3.4e+38 -3.4e+38 -3.4e+38 -3.4e+38 -3.4e+38 -3.4e+38 -3.4e+38 27 27 27 28 28 28 29 29 28 28 28 29 31 31 33 34 37 39 40 42 45 46 49 50 53 53 55 56 59 59 60 61 64 71 75 76 79 87 86 89 90 97 101 97
-3.4e+38 -3.4e+38 -3.4e+38 -3.4e+38 -3.4e+38 -3.4e+38 -3.4e+38 -3.4e+38 -3.4e+38 -3.4e+38 -3.4e+38 -3.4e+38 -3.4e+38 -3.4e+38 -3.4e+38 -3.4e+38 -3.4e+38 -3.4e+38 -3.4e+38 -3.4e+38 -3.4e+38 -3.4e+38 -3.4e+38 -3.4e+38 -3.4e+38 -3.4e+38 -3.4e+38 -3.4e+38 -3.4e+38 -3.4e+38 -3.4e+38 25 26 26 26 26 27 27 27 28 28 28 29 29 29 29 29 30 30 32 32 32 33 35 37 40 41 44 44 46 49 50 52 53 54 55 57 59 62 67 72 76 79 83 86 83 94 94 98 97 97 92
-3.4e+38 -3.4e+38 -3.4e+38 -3.4e+38 -3.4e+38 -3.4e+38 -3.4e+38 -3.4e+38 -3.4e+38 -3.4e+38 -3.4e+38 -3.4e+38 -3.4e+38 -3.4e+38 -3.4e+38 -3.4e+38 -3.4e+38 -3.4e+38 -3.4e+38 -3.4e+38 -3.4e+38 -3.4e+38 -3.4e+38 -3.4e+38 -3.4e+38 -3.4e+38 -3.4e+38 25 25 25 25 26 26 27 27 27 28 28 28 28 30 30 30 30 29 30 31 32 31 32 32 34 35 37 37 40 41 43 46 47 49 50 51 52 53 55 58 61 64 71 74 79 83 84 87 91 96 97 96 93 90 87
-3.4e+38 -3.4e+38 -3.4e+38 -3.4e+38 -3.4e+38 -3.4e+38 -3.4e+38 -3.4e+38 -3.4e+38 -3.4e+38 -3.4e+38 -3.4e+38 -3.4e+38 -3.4e+38 -3.4e+38 25 25 25 -3.4e+38 -3.4e+38 -3.4e+38 -3.4e+38 -3.4e+38 -3.4e+38 -3.4e+38 -3.4e+38 25 27 27 26 26 26 27 27 27 28 29 29 30 30 30 32 32 32 32 32 32 32 32 33 34 36 37 37 40 41 41 44 44 46 49 49 50 51 52 55 59 61 67 72 74 74 76 79 79 84 89 94 100 97 90 84
-3.4e+38 -3.4e+38 -3.4e+38 -3.4e+38 -3.4e+38 -3.4e+38 -3.4e+38 -3.4e+38 -3.4e+38 -3.4e+38 -3.4e+38 -3.4e+38 23 25 29 29 27 25 26 25 26 26 26 27 27 27 27 27 27 27 27 28 28 28 29 30 30 31 31 31 32 32 33 34 34 34 33 33 34 35 36 36 37 39 40 42 45 45 44 45 46 46 49 51 52 55 58 62 63 66 67 77 85 84 83 89 94 98 96 94 87 83
39 27 -3.4e+38 -3.4e+38 -3.4e+38 22 23 23 23 -3.4e+38 25 25 27 29 29 31 31 29 27 25 28 28 27 29 29 29 28 29 28 27 29 29 30 30 30 31 31 31 32 32 34 34 34 36 35 36 35 38 38 38 39 41 41 41 43 43 43 43 44 44 46 49 50 52 56 60 67 68 74 72 72 83 89 88 88 90 92 93 94 88 87 87
32 28 23 22 23 23 26 26 26 25 28 29 29 29 30 31 31 31 30 29 27 27 28 28 28 29 29 29 29 29 30 31 30 32 32 33 35 35 34 34 36 36 36 38 38 39 39 41 42 42 44 45 46 47 49 51 48 45 47 46 47 50 52 57 67 73 76 76 75 78 75 80 88 93 95 93 87 87 90 88 80 82
34 32 28 27 26 26 27 27 27 27 30 31 31 33 33 33 33 31 31 30 28 27 28 28 28 30 31 31 31 31 32 32 32 33 34 36 37 37 36 36 38 38 39 42 39 42 44 44 46 46 48 51 52 52 53 52 51 50 49 48 50 52 57 64 72 72 74 80 79 83 84 75 88 88 86 96 91 83 84 85 80 81
47 39 33 30 27 30 28 30 31 31 27 31 36 35 33 33 33 33 33 33 31 30 27 30 31 30 31 34 33 33 33 35 34 35 36 37 40 40 38 38 41 42 43 46 46 46 48 46 48 50 52 55 57 58 57 56 55 54 52 51 52 55 58 64 64 70 76 81 81 83 83 83 79 85 91 95 96 81 79 81 82 81
48 42 36 34 33 31 34 37 41 41 31 35 38 36 35 35 35 35 34 29 30 29 31 31 33 34 34 34 35 35 35 36 38 37 37 40 37 40 41 43 46 49 48 48 52 51 52 52 55 55 57 55 55 59 59 58 57 55 54 54 57 61 67 68 65 74 75 82 83 84 83 82 80 89 93 96 98 82 76 78 77 87
50 45 40 36 36 37 41 46 46 37 29 40 39 36 38 38 36 38 33 31 37 34 35 34 36 38 38 39 35 39 39 38 39 40 40 40 40 41 42 44 48 51 52 54 55 57 55 55 60 57 60 60 57 58 61 61 60 57 57 58 63 68 73 71 71 72 74 80 85 86 86 86 85 88 89 92 101 82 76 78 77 91
55 49 45 43 41 43 48 48 42 34 31 41 39 38 39 41 39 37 31 35 38 41 41 37 41 40 42 45 42 39 42 39 42 43 43 43 44 46 45 47 48 51 55 58 58 60 61 60 60 63 64 63 58 61 64 64 61 61 63 65 67 70 73 78 84 82 79 86 89 87 86 83 83 85 87 90 90 77 76 76 77 78
57 54 52 51 47 50 43 40 33 34 37 40 41 40 40 41 41 37 34 36 38 42 45 42 42 43 46 46 45 42 42 42 44 43 45 47 46 50 50 51 54 51 54 55 58 60 62 63 62 63 64 63 62 64 66 67 66 68 70 76 81 77 81 83 85 84 84 87 88 86 84 79 79 80 84 84 78 75 75 75 76 77
50 52 55 54 56 51 38 34 33 38 41 41 43 41 43 43 41 36 34 42 38 45 48 46 49 46 49 49 45 42 46 45 46 48 48 50 52 50 53 54 57 57 57 60 61 60 63 67 66 66 67 69 68 67 68 72 73 76 77 85 87 83 86 86 85 85 82 84 86 85 84 79 78 81 82 87 80 75 75 75 75 76
47 46 43 44 40 35 32 38 41 41 41 41 41 43 43 44 40 37 38 44 45 49 49 52 53 53 52 50 50 50 46 49 50 52 52 54 55 53 53 56 57 59 61 63 66 66 67 70 72 72 72 72 72 72 72 76 80 82 86 87 87 87 87 86 84 85 82 80 79 79 80 86 82 82 85 89 93 85 75 75 75 76
47 44 40 37 35 34 35 38 41 42 41 41 43 43 46 44 44 40 38 46 49 52 53 56 54 53 53 53 53 52 50 49 54 57 59 59 60 57 57 57 61 61 62 66 70 75 73 78 79 76 78 76 79 78 77 73 73 78 82 84 86 86 87 87 88 88 84 81 81 81 82 88 89 89 90 92 93 93 79 83 79 76
47 45 44 41 38 35 38 38 38 41 41 41 44 46 46 46 47 44 41 38 42 42 46 49 51 52 50 53 53 57 57 55 55 56 56 59 61 63 64 65 66 64 66 68 69 73 78 80 85 84 84 83 82 81 77 72 72 72 76 80 81 83 83 84 86 88 89 88 85 85 92 94 94 94 97 96 96 91 87 87 91 81
50 48 44 42 38 38 38 40 41 44 44 45 44 46 47 47 44 41 42 38 39 49 51 49 51 51 53 53 57 59 61 62 59 63 63 63 63 64 67 67 69 70 72 73 73 78 81 82 84 84 83 82 82 79 76 71 71 72 75 76 79 83 85 87 88 88 89 91 88 90 88 95 100 97 97 100 99 95 94 85 86 87
51 48 45 40 43 44 46 45 45 46 47 49 49 48 49 50 46 45 45 41 45 54 53 53 53 55 57 58 59 63 66 66 67 61 67 68 69 69 72 69 69 72 75 78 78 80 80 81 82 81 81 82 80 79 78 75 75 76 77 79 82 85 87 92 95 92 89 87 88 87 88 92 97 101 100 99 95 92 89 82 80 82
60 56 54 49 42 53 55 53 49 50 52 56 55 52 53 51 49 51 47 39 49 49 51 54 58 60 62 63 64 66 70 68 72 65 64 72 72 75 74 72 73 72 73 74 73 76 77 78 78 77 78 78 79 78 76 72 75 79 84 85 87 85 86 93 97 98 92 90 88 87 91 91 96 103 100 95 91 88 85 80 79 78
64 69 59 53 47 40 51 56 51 53 56 60 59 57 54 54 54 56 54 39 58 59 58 59 59 60 62 66 66 67 70 72 70 68 72 73 75 75 75 72 73 74 72 70 69 69 71 72 71 73 75 74 77 71 71 71 75 75 75 76 85 89 91 91 93 95 95 92 94 92 97 97 99 103 100 95 89 82 82 79 77 76
66 70 65 67 51 38 53 57 56 56 58 60 58 58 60 60 60 60 48 40 59 64 64 65 66 61 63 63 69 68 70 75 76 75 78 77 75 76 75 72 72 72 69 68 66 69 69 66 63 66 66 69 71 74 77 71 71 74 80 81 78 78 82 88 91 93 94 95 95 99 100 105 105 108 106 98 88 85 79 77 77 75
67 74 76 59 42 38 51 57 57 55 56 58 60 59 57 60 64 55 45 40 47 51 55 65 68 66 68 68 68 73 75 73 74 70 68 68 67 68 72 72 69 67 66 65 63 65 63 63 66 69 71 71 74 78 78 75 76 78 77 82 87 88 86 82 89 96 96 94 93 95 98 102 106 112 111 106 93 86 79 77 75 75
62 56 47 47 42 37 42 53 56 52 54 51 52 52 56 60 66 57 49 43 43 49 54 56 60 66 68 71 70 67 67 66 65 63 63 60 60 62 69 75 74 72 69 68 63 61 65 65 63 63 65 66 69 72 76 78 80 83 83 83 86 91 92 88 85 91 90 89 94 94 98 99 102 109 106 107 97 92 80 75 75 75
50 47 41 41 42 38 44 50 51 48 47 47 51 54 58 61 62 55 49 45 44 45 51 56 65 68 68 66 70 64 64 62 60 61 60 54 60 57 65 71 72 72 66 66 65 62 68 70 70 66 67 70 70 69 70 76 79 80 86 89 88 88 95 96 88 86 87 90 92 94 101 107 105 105 108 108 109 104 87 77 74 74
46 43 46 43 41 41 44 47 43 45 49 50 54 61 61 63 56 50 46 47 53 44 49 57 63 60 60 64 69 63 56 54 55 56 57 56 55 54 61 63 64 61 57 58 59 60 66 68 70 70 69 70 71 74 73 71 74 74 80 89 94 96 91 94 93 92 92 88 88 88 94 98 97 95 96 102 110 108 89 80 74 72
43 41 43 46 44 42 43 43 43 50 52 54 51 54 60 62 61 58 53 53 50 44 53 56 57 51 50 64 60 56 57 61 67 65 68 64 67 68 58 57 61 59 61 68 65 60 69 72 73 73 73 70 72 74 78 79 72 72 74 79 83 92 99 99 98 96 93 89 89 89 90 92 92 88 89 92 91 101 102 93 85 80
