data/Layers_WA/bio17.asc
NCOLS 376 
NROWS 439 
XLLCORNER -124.708333333333 
YLLCORNER 28 
CELLSIZE 0.0416666666666649 
NODATA_value -3.4e+38 
[rows 111 to 147 of 439, columns 83 to 165 of 376]
37 37 38 40 40 41 41 41 41 41 41 40 41 41 39 39 39 39 40 40 37 44 52 53 40 35 35 35 41 41 44 49 49 43 42 44 45 45 43 43 45 47 45 45 46 51 50 47 47 47 47 46 51 48 44 40 37 38 50 57 64 51 45 37 31 31 31 32 33 36 39 34 31 31 31 34 42 44 35 32 32 32 33
37 39 40 40 41 41 43 41 41 41 41 41 41 39 39 39 39 39 39 39 37 43 50 58 47 35 35 35 38 38 43 47 47 42 42 42 43 44 43 43 43 45 48 48 44 48 50 48 47 44 44 47 48 47 45 46 40 40 43 54 48 42 48 37 31 31 31 31 31 31 37 35 31 31 31 31 38 41 32 32 32 32 33
38 40 40 41 41 41 41 41 41 41 40 40 41 41 40 39 39 38 37 37 40 43 48 53 50 39 33 33 35 35 41 51 52 45 42 42 43 44 46 45 45 46 48 47 44 43 44 44 48 47 46 44 44 46 50 52 45 40 41 45 37 38 45 42 31 31 31 31 31 31 34 34 31 31 31 31 37 38 33 31 31 31 32
40 41 41 41 41 41 41 41 38 41 38 38 40 41 39 39 36 36 34 36 37 45 52 55 44 38 33 33 34 34 38 51 52 44 41 42 43 43 48 51 48 46 46 43 42 41 41 44 47 47 47 46 43 47 54 55 46 42 37 34 33 37 42 37 31 31 31 31 31 31 31 31 31 30 30 30 36 35 32 31 31 31 31
40 41 41 41 41 41 42 41 38 38 37 36 37 35 36 36 34 34 34 36 37 46 50 52 50 40 33 33 33 34 36 47 49 44 41 41 42 42 48 48 46 46 43 41 40 41 42 47 44 44 42 40 42 53 64 59 48 37 33 31 31 31 34 31 31 31 31 37 31 31 30 30 30 30 30 30 33 32 30 30 31 31 31
39 40 43 45 40 39 40 39 36 36 36 36 35 35 36 36 35 34 34 38 40 42 47 50 58 47 35 33 33 33 36 48 44 44 44 44 42 43 46 48 43 43 43 41 41 42 43 45 42 41 37 37 41 49 54 47 43 32 31 31 31 31 31 31 31 30 31 40 31 31 31 30 30 30 30 30 30 30 30 30 30 31 31
39 40 42 42 42 39 39 39 39 40 39 39 36 35 37 37 35 35 36 39 41 46 50 58 66 56 39 35 33 33 37 47 44 44 44 45 44 43 43 48 43 43 43 40 41 44 46 44 36 34 34 40 43 49 53 46 34 31 31 31 30 30 30 30 30 30 34 42 37 37 34 31 30 30 30 30 30 30 30 30 30 30 31
40 40 40 40 40 40 40 43 46 48 45 42 38 38 37 37 35 35 36 38 43 46 51 58 66 61 43 35 33 33 41 52 49 46 47 44 45 43 43 43 45 44 43 43 40 39 43 39 33 33 36 48 45 44 43 40 34 30 30 30 30 30 29 29 29 33 51 52 44 44 34 30 30 30 30 30 30 32 33 30 30 30 33
40 40 39 40 44 45 46 43 40 49 49 46 41 42 41 40 37 35 36 40 43 46 49 55 61 64 47 35 34 35 42 47 54 50 52 50 44 43 45 46 46 46 46 43 43 42 37 36 33 33 35 45 47 46 39 34 33 30 30 30 29 29 29 29 29 37 43 52 60 43 33 30 30 30 30 30 30 36 37 31 29 29 33
39 39 39 38 45 46 41 41 40 46 52 51 47 42 42 41 35 35 38 40 43 46 46 50 58 64 52 42 34 33 38 54 55 50 48 46 42 41 43 45 43 43 43 42 42 42 36 39 36 33 30 37 53 50 39 33 33 30 29 29 29 29 29 29 33 44 41 49 55 38 31 30 30 30 30 30 30 36 38 31 29 29 32
41 39 38 38 38 40 41 38 37 40 49 51 49 49 44 44 39 35 35 38 39 45 41 47 52 60 61 46 34 33 36 49 50 44 44 42 43 44 46 43 40 39 38 39 43 42 36 40 42 34 30 31 36 39 33 30 30 29 29 29 29 29 29 32 46 46 36 39 37 31 30 30 30 30 30 30 31 36 36 31 29 29 32
42 39 39 38 38 38 38 38 39 40 46 51 47 52 47 44 45 39 39 42 38 44 45 52 54 56 59 47 40 33 33 44 46 40 40 41 44 46 43 40 40 38 39 42 43 42 39 42 49 39 30 30 30 35 33 30 29 29 29 29 29 29 29 33 50 40 33 30 30 30 30 30 30 30 30 30 32 38 39 33 29 29 32
44 39 39 39 38 38 38 38 39 42 43 45 45 50 46 47 51 45 47 48 42 43 50 51 56 61 61 50 41 37 36 40 41 38 41 47 47 46 43 40 40 39 43 46 43 42 42 45 50 39 30 29 29 30 33 30 29 29 29 29 29 29 29 33 46 36 31 30 30 30 30 30 30 30 29 30 30 35 35 30 29 28 30
44 39 39 39 39 41 42 40 40 42 44 42 41 44 46 47 49 49 45 45 43 45 48 50 53 58 58 50 45 48 44 36 34 36 39 44 43 43 43 40 41 40 43 52 43 42 43 50 48 36 30 28 28 28 30 32 28 28 28 28 28 29 30 34 39 36 31 30 30 30 30 30 28 28 28 30 30 30 30 29 28 28 29
44 43 39 39 39 42 45 46 41 43 48 45 42 40 43 45 46 46 43 42 45 45 46 47 47 50 50 50 45 47 43 33 33 36 36 39 39 41 41 43 46 46 46 49 43 38 39 42 45 37 31 28 28 28 33 31 28 28 28 28 28 30 30 33 36 40 34 31 30 31 32 29 28 27 27 28 30 30 30 28 27 28 29
43 41 41 42 46 45 45 48 44 43 45 48 45 43 43 46 43 41 41 44 48 48 46 47 46 46 45 44 41 38 37 33 33 33 36 36 36 36 38 43 52 49 42 38 36 34 35 35 44 36 29 28 28 28 33 33 28 28 28 28 28 30 33 37 37 39 36 31 30 30 29 28 28 27 27 30 33 33 31 30 30 31 33
40 40 43 49 49 49 47 48 46 47 46 48 50 46 46 44 41 40 40 45 48 49 46 43 41 45 44 48 48 43 40 36 34 36 34 35 35 35 38 41 46 47 45 35 32 32 29 32 37 34 28 28 28 28 30 28 28 28 28 28 28 30 30 34 36 34 35 33 29 29 29 28 27 27 27 36 36 33 29 30 29 29 29
39 41 44 49 49 46 45 46 46 49 49 45 47 46 43 41 40 40 44 48 51 46 41 41 41 41 42 45 48 45 44 43 40 39 35 34 35 38 39 43 42 43 43 38 31 29 29 29 33 29 28 28 28 28 28 28 28 28 28 28 28 29 30 30 32 31 33 33 29 29 28 28 27 27 27 28 28 27 27 29 29 27 26
45 43 43 43 42 41 41 44 46 47 46 44 41 42 40 40 39 39 39 40 40 40 38 38 38 38 39 43 45 44 46 46 43 42 36 37 39 42 41 41 38 41 44 35 31 29 29 29 28 28 28 28 28 28 28 28 28 28 28 28 28 29 30 30 30 30 30 30 29 29 28 28 28 30 30 30 27 27 27 27 27 27 27
49 49 44 43 42 42 44 47 50 49 46 44 41 40 40 38 39 39 38 38 38 38 38 38 38 37 37 40 42 45 46 46 44 42 39 36 40 43 41 38 32 35 47 48 38 29 28 28 28 28 28 28 28 28 28 28 28 28 28 28 28 33 35 32 33 36 33 29 29 29 28 29 33 42 39 33 28 27 27 30 32 32 27
53 55 52 50 47 48 48 50 52 53 48 46 42 40 42 41 41 41 40 40 38 38 38 37 37 40 40 40 42 40 42 42 39 39 37 37 41 41 42 40 34 31 35 55 42 29 28 28 27 27 27 27 28 28 28 29 28 28 28 30 33 36 36 33 36 38 36 31 30 30 31 30 39 46 39 30 27 27 30 36 43 36 29
56 60 56 53 51 50 52 52 50 50 50 48 44 43 49 47 45 44 43 46 41 37 38 41 44 45 44 40 40 39 39 39 37 34 36 39 41 42 42 38 35 30 30 47 50 32 29 28 27 27 27 27 28 31 29 29 29 29 29 30 31 34 36 33 35 36 38 33 30 30 30 30 34 36 33 28 27 27 33 39 42 36 29
55 53 53 55 54 55 53 48 47 47 47 45 42 42 50 50 44 39 39 43 41 38 38 44 47 43 38 37 39 40 40 39 37 34 33 38 42 42 41 38 30 27 28 32 41 33 30 27 27 27 29 29 33 32 29 31 34 30 33 34 31 33 33 34 38 38 35 33 30 29 29 29 33 30 28 27 27 29 30 33 39 39 30
54 53 53 54 49 49 48 47 46 45 42 40 39 39 42 53 44 36 37 41 37 38 38 38 45 45 37 35 35 39 39 38 37 34 31 34 36 38 37 30 27 27 27 27 29 30 27 27 32 29 30 35 37 32 31 34 35 31 31 31 30 31 31 33 39 39 38 33 30 28 28 27 28 28 27 27 27 30 30 30 33 39 33
54 54 52 51 54 54 48 53 49 48 40 40 39 38 42 47 43 36 36 36 38 41 39 36 36 39 38 35 35 33 34 35 38 34 31 28 28 31 30 27 27 27 27 27 27 27 27 33 34 30 31 37 34 32 34 34 32 31 33 33 33 31 31 33 36 42 39 36 30 28 28 28 28 28 30 30 30 30 30 30 33 42 36
58 57 57 52 54 52 48 51 54 46 40 40 40 40 42 40 41 39 37 34 36 36 33 33 32 34 35 38 38 35 30 31 34 34 29 28 28 28 27 27 27 27 30 27 27 27 30 38 33 31 32 34 34 37 37 37 32 32 34 39 37 33 33 33 33 34 36 35 30 28 28 28 30 35 37 36 30 30 30 38 42 44 36
63 59 57 53 50 49 52 51 54 46 40 40 48 39 36 35 36 43 37 32 32 31 31 31 31 32 35 38 33 32 30 30 34 31 28 28 28 28 27 27 30 33 30 27 27 27 30 35 33 31 31 33 32 37 40 36 32 34 40 47 39 34 35 34 34 31 33 33 30 28 28 30 36 55 50 36 30 30 33 44 47 44 36
64 61 57 57 52 49 49 49 48 46 44 43 51 43 39 37 35 39 34 32 32 31 31 31 31 31 32 33 33 34 34 34 30 29 28 28 28 27 27 30 36 33 28 27 27 29 32 38 34 30 30 31 31 34 40 31 32 39 45 41 33 31 30 31 34 31 30 30 30 29 28 30 38 57 49 33 30 30 33 44 45 41 39
66 63 58 55 52 50 48 47 48 50 56 52 44 46 45 40 38 34 32 31 32 35 31 31 31 31 33 32 33 37 37 34 29 28 28 28 28 27 27 33 39 33 28 27 30 30 33 40 33 30 30 30 30 31 34 29 32 37 41 35 31 29 29 31 32 33 33 33 33 30 29 30 38 53 41 32 30 28 30 33 38 36 39
63 60 58 56 50 50 47 46 44 43 46 43 38 36 32 30 35 33 29 29 33 39 34 31 31 31 34 34 34 34 35 38 32 28 27 27 27 27 28 33 41 33 29 27 28 30 33 40 36 30 30 29 29 29 29 28 29 32 34 31 29 29 29 31 34 36 34 31 30 29 29 30 38 55 41 32 30 28 28 29 30 36 44
58 56 53 53 52 47 47 49 47 44 39 38 38 35 31 30 29 29 29 29 31 31 30 30 31 34 40 41 38 36 33 37 34 29 27 27 26 27 34 42 42 33 27 27 28 33 30 43 34 30 30 29 28 31 31 29 27 30 30 27 28 29 31 36 41 39 34 31 30 29 28 30 38 56 42 33 29 28 28 28 30 33 41
45 50 49 48 48 45 45 44 44 47 41 41 40 38 33 31 30 29 29 29 29 29 29 28 28 31 41 45 41 36 33 36 31 29 27 26 26 27 33 39 38 31 27 27 27 30 30 37 30 30 29 28 30 33 30 26 26 29 27 27 29 30 32 37 42 38 34 31 29 28 28 29 36 50 41 33 29 28 28 28 28 30 36
39 40 43 42 42 42 42 42 47 54 48 48 49 53 48 40 31 30 30 29 29 29 29 28 28 28 33 35 33 32 32 33 29 29 27 26 26 29 29 31 33 33 28 29 33 27 27 30 30 30 30 30 30 30 26 25 25 26 27 29 31 32 34 36 38 34 29 28 26 26 28 30 34 41 41 36 30 28 28 28 28 33 38
38 38 38 38 44 45 41 41 44 49 52 44 44 49 51 50 46 35 30 30 29 29 29 29 28 28 29 29 30 29 30 32 32 29 29 27 26 29 28 27 29 31 36 33 33 26 26 27 30 30 31 32 38 30 25 25 25 26 27 33 34 34 32 31 31 29 26 26 26 28 31 35 34 37 44 38 30 28 28 28 28 38 48
38 36 36 35 41 52 53 47 42 44 44 40 41 43 43 46 46 45 39 31 30 29 29 29 29 29 29 29 29 28 28 28 29 29 29 29 32 31 29 26 26 30 39 37 30 26 26 29 32 35 35 37 40 30 25 25 25 26 27 34 41 34 29 29 26 25 25 25 26 29 33 34 33 33 47 41 31 28 28 28 28 33 37
38 37 40 36 37 37 37 40 47 39 39 41 51 49 43 38 42 45 45 40 32 31 30 31 31 30 30 30 29 28 28 28 28 28 29 29 29 26 26 26 26 27 38 43 30 26 26 30 36 38 37 37 33 27 25 24 25 26 27 31 37 34 31 27 25 25 25 25 26 34 35 33 30 33 40 35 29 27 28 28 28 31 39
37 35 38 38 44 41 37 34 35 38 35 42 54 46 43 42 42 42 43 44 42 37 33 31 31 30 30 30 30 28 28 28 28 28 30 30 26 26 26 26 26 26 36 38 30 26 26 32 37 35 37 35 31 27 26 24 25 27 29 34 37 30 27 27 25 24 25 25 25 31 32 28 28 29 31 28 26 26 28 28 29 34 41
