data/Layers_WA/bio13.asc
NCOLS 376 
NROWS 439 
XLLCORNER -124.708333333333 
YLLCORNER 28 
CELLSIZE 0.0416666666666649 
NODATA_value -3.4e+38 
[rows 108 to 143 of 439, columns 81 to 161 of 376]
46 47 48 48 49 49 49 50 51 51 52 52 51 52 52 52 51 52 52 51 50 50 51 53 56 56 56 53 53 52 50 49 49 48 47 45 42 42 40 41 43 40 38 37 36 36 36 35 36 35 34 35 31 28 32 28 28 32 26 25 26 26 27 32 34 31 28 28 29 32 33 34 31 28 27 27 31 39 36 35 31
48 48 48 48 49 49 50 50 51 52 51 51 51 52 52 51 50 51 52 50 49 49 50 52 57 62 56 51 51 50 49 49 49 48 47 44 42 41 42 43 41 39 37 38 36 36 35 35 37 37 35 32 30 33 34 32 33 28 25 25 27 29 31 38 39 33 28 28 28 30 32 33 32 28 28 27 28 35 34 31 30
49 49 49 49 50 51 51 51 52 52 51 51 51 51 50 50 49 50 50 50 50 49 49 52 59 63 52 49 49 48 49 49 48 49 47 44 42 43 44 42 39 37 37 39 37 36 34 35 34 35 35 35 35 34 34 31 32 26 25 26 32 36 44 44 33 29 27 27 28 29 31 31 32 29 27 27 27 30 31 30 29
51 51 50 50 51 51 52 53 52 52 52 51 50 50 50 50 49 49 49 49 50 49 48 54 59 59 51 49 48 48 48 47 48 49 48 43 42 42 42 40 38 37 37 38 37 35 36 39 37 34 34 33 33 32 36 34 30 27 26 27 35 41 48 37 33 29 27 27 27 27 28 29 30 29 27 27 27 29 34 35 29
53 53 52 52 52 53 53 53 53 53 52 51 51 50 50 49 48 48 48 48 49 48 48 52 57 63 54 49 48 47 46 46 47 48 47 43 42 41 40 40 38 37 37 37 38 37 34 37 37 36 35 33 31 33 35 33 32 32 29 28 31 39 34 31 35 29 26 26 26 26 27 27 30 29 27 27 27 27 31 33 29
55 54 54 53 53 53 53 53 53 53 52 51 50 50 50 50 49 49 47 46 47 45 48 52 56 58 55 48 47 46 45 44 45 50 49 44 42 41 40 40 40 39 38 38 39 37 34 33 33 33 36 35 33 31 31 32 36 38 31 29 30 33 28 29 33 31 27 26 26 26 26 26 29 29 27 26 27 27 31 32 29
57 56 55 55 55 54 54 54 53 53 52 51 50 49 49 49 48 47 43 43 43 44 47 53 59 60 52 47 46 45 44 43 43 50 50 44 42 41 40 39 42 43 41 38 37 34 33 31 32 33 34 35 34 33 31 34 39 40 33 30 27 26 26 28 31 29 26 26 26 27 26 26 27 27 26 26 26 27 30 30 28
59 58 57 56 56 55 55 54 54 53 52 51 49 48 47 45 44 42 41 41 42 44 46 53 57 57 55 47 45 44 43 42 42 47 48 44 41 40 39 38 42 41 39 38 35 33 32 32 32 34 33 33 31 29 30 39 48 44 34 27 26 25 25 26 27 26 26 25 26 30 26 26 26 26 26 26 26 26 28 28 27
62 60 59 58 58 59 55 54 54 53 52 51 49 47 46 45 44 43 42 41 42 45 48 51 54 56 61 52 44 43 42 41 41 48 45 43 43 41 39 39 40 40 37 36 35 33 32 33 33 34 32 30 28 27 29 35 39 33 31 25 25 25 25 25 25 25 25 25 26 30 27 26 26 26 26 26 26 26 27 27 27
64 62 60 59 59 58 57 55 54 53 52 52 50 49 46 45 45 45 42 42 44 46 50 53 56 62 71 60 46 42 41 40 41 47 44 42 42 42 40 38 38 40 37 36 35 33 32 34 35 33 28 27 26 30 31 35 39 33 26 24 25 25 25 25 25 25 25 25 27 32 29 29 28 26 26 26 26 26 26 26 26
66 64 62 60 59 58 56 55 54 56 58 59 56 51 48 47 45 46 43 43 44 46 51 53 56 62 71 64 48 41 40 39 44 51 47 44 43 41 41 39 38 37 38 37 35 34 32 31 33 30 27 26 27 36 33 32 31 29 26 24 24 25 24 24 24 25 25 27 37 38 33 33 28 26 25 25 25 26 26 27 28
68 66 64 61 59 58 60 59 60 55 53 60 61 57 51 51 49 48 44 42 43 46 51 53 55 60 65 70 50 40 39 39 44 47 51 47 48 45 40 38 39 39 38 38 37 35 34 32 29 28 27 26 27 33 34 33 28 26 25 24 24 25 24 24 24 24 24 28 32 38 44 33 27 25 25 25 25 25 26 29 30
71 68 65 63 61 59 62 62 56 54 51 59 66 62 56 51 50 49 43 42 44 46 50 53 52 55 63 70 54 45 38 38 40 52 51 47 44 42 38 37 37 38 37 35 35 34 33 32 29 29 28 26 25 28 38 36 28 25 25 24 24 24 24 24 24 24 26 32 31 35 40 29 26 25 25 25 25 25 26 29 31
74 71 67 65 63 61 59 57 55 53 52 51 61 63 61 58 53 52 45 42 42 44 46 51 48 52 55 64 64 48 39 37 38 47 47 42 41 39 39 39 39 36 34 32 32 32 34 33 29 31 31 27 24 25 27 28 26 24 23 23 23 23 23 23 23 25 33 34 27 29 28 26 24 24 24 24 24 25 26 29 30
78 73 70 67 65 63 61 59 57 55 53 52 58 64 58 62 56 52 52 45 46 47 45 49 50 56 57 59 63 49 42 37 36 44 43 38 38 38 40 40 38 35 34 32 32 33 34 32 30 31 37 28 24 24 24 26 26 24 23 23 23 23 23 23 23 26 36 29 26 24 24 24 24 24 24 24 24 24 26 30 30
80 80 73 69 67 65 63 60 58 56 54 54 54 57 55 60 54 55 60 50 52 54 47 48 53 54 60 66 66 52 42 39 37 39 39 36 38 41 41 39 36 34 33 32 34 37 34 32 32 34 37 30 25 24 23 23 25 24 23 23 23 23 23 23 23 25 33 27 25 24 24 24 24 24 24 24 24 24 25 28 28
81 78 75 72 69 67 64 62 60 58 56 54 55 53 51 53 54 54 56 56 50 50 47 48 52 54 55 63 61 51 46 47 43 36 34 34 36 39 38 38 36 34 34 33 35 41 34 32 33 38 37 28 24 23 23 23 23 24 23 22 22 22 22 23 23 26 28 27 24 24 23 24 23 23 23 23 23 24 24 25 25
83 80 78 75 72 69 67 64 63 63 57 57 61 56 52 48 50 52 53 52 47 47 48 48 48 49 49 53 52 51 45 45 42 34 34 34 34 35 35 36 35 36 37 38 36 38 33 30 30 31 34 28 24 23 23 23 24 24 22 22 22 22 22 23 23 25 26 29 25 24 24 25 25 23 23 23 23 23 24 24 24
85 82 81 77 75 72 70 68 65 67 60 58 58 62 57 52 50 52 48 44 44 47 51 52 48 49 48 47 46 43 40 37 37 34 33 33 33 33 32 32 33 35 43 41 33 30 29 27 27 27 32 27 23 23 22 22 24 24 22 22 22 22 22 23 24 27 27 28 26 24 23 23 23 23 23 23 23 25 26 25 25
87 84 83 80 78 77 74 73 68 67 65 64 60 62 63 56 56 51 45 43 44 49 53 54 49 43 41 45 43 46 48 41 38 34 33 33 32 32 31 31 32 34 38 38 36 28 26 26 25 25 28 26 23 22 22 22 23 22 22 22 22 21 22 22 23 25 26 25 26 25 22 22 22 22 22 22 22 27 28 25 23
92 89 86 83 81 80 76 73 70 67 65 66 67 59 59 57 53 47 44 42 48 55 56 47 43 40 40 40 42 44 49 44 42 39 37 36 32 31 31 32 33 35 34 34 34 29 26 25 24 24 25 24 23 22 22 22 22 21 21 21 21 21 21 22 22 23 23 23 24 24 22 22 22 22 22 22 22 22 23 23 23
99 95 91 87 84 81 78 74 71 69 67 66 63 58 54 51 49 46 44 42 41 41 40 40 38 38 38 37 38 42 44 43 43 43 39 39 33 33 33 36 34 34 31 33 36 29 26 25 24 24 23 23 22 22 22 22 21 21 21 21 21 21 21 22 22 22 22 23 23 23 22 22 22 22 22 23 23 23 22 22 23
104 100 96 93 88 85 81 78 74 73 72 71 64 59 55 52 49 46 44 42 39 37 37 38 37 37 37 37 37 39 40 43 43 42 40 38 34 32 34 36 34 31 28 29 37 38 29 25 24 24 23 23 22 22 22 21 21 21 21 21 21 21 21 23 24 23 24 25 24 21 21 21 21 22 25 29 28 24 23 22 23
108 104 100 97 93 89 86 82 79 78 78 76 68 64 58 54 53 50 46 46 44 43 39 37 37 37 36 39 40 38 39 38 39 38 36 35 33 32 35 35 35 32 28 27 29 44 33 25 24 24 23 23 22 22 21 21 21 21 21 21 21 21 23 24 25 23 24 26 25 22 21 21 23 23 27 32 28 23 22 23 24
111 108 105 107 98 94 90 87 85 83 79 75 73 68 61 58 64 60 55 54 48 53 43 38 38 43 45 47 45 38 39 37 36 35 33 32 32 33 35 35 35 32 29 27 26 37 40 26 24 24 23 22 22 22 22 22 21 21 21 21 21 21 22 23 24 23 24 25 26 23 22 21 21 22 25 25 25 22 22 23 25
117 112 108 104 101 99 95 94 89 83 79 76 73 69 62 59 66 65 55 47 44 49 45 39 39 47 51 44 37 36 37 38 37 36 34 32 31 33 36 35 33 31 28 27 26 27 31 26 25 23 23 22 22 22 23 23 21 22 23 21 22 23 22 23 23 23 25 25 24 22 21 21 21 22 24 23 22 22 22 23 24
121 117 112 109 105 102 97 93 89 86 81 78 73 68 64 60 61 74 57 47 46 47 42 41 40 40 48 48 38 35 35 37 37 35 34 32 31 31 31 32 31 28 27 27 26 25 25 25 24 23 24 23 23 25 25 23 22 23 24 21 21 21 21 21 21 22 25 26 25 23 21 21 21 21 22 22 22 22 22 23 23
125 122 117 113 109 105 104 101 93 94 87 83 76 71 67 63 62 65 57 50 47 45 45 48 43 39 39 41 38 36 36 35 34 34 35 32 31 31 30 29 29 28 27 27 26 25 25 24 24 25 25 23 23 25 24 23 23 23 21 21 22 22 22 21 21 22 24 27 26 24 21 21 21 21 22 22 23 23 23 23 23
128 125 121 118 116 110 108 103 98 96 96 86 79 75 71 67 65 60 59 55 50 47 45 44 42 41 40 39 38 38 38 36 35 34 33 33 32 31 31 30 29 28 28 27 26 25 25 24 24 28 24 23 23 23 23 24 25 24 21 21 23 25 24 22 22 22 22 23 24 23 21 21 21 21 22 25 26 26 23 23 24
132 129 128 123 119 115 111 107 103 99 99 90 83 79 81 71 66 62 59 60 53 49 47 45 44 43 41 40 39 40 37 36 35 34 34 33 32 32 31 30 29 28 28 27 26 25 25 24 24 26 24 23 23 23 22 24 26 23 21 22 25 30 25 23 23 23 23 21 22 22 21 21 21 22 25 36 32 25 23 23 25
136 135 134 128 123 120 116 111 107 103 99 94 89 84 86 77 70 65 61 59 55 52 49 48 46 45 43 41 40 39 38 37 37 36 34 34 33 32 31 30 30 29 31 28 26 25 25 24 25 28 24 23 22 22 22 22 25 21 21 24 29 26 22 20 20 21 23 21 21 21 21 21 21 22 26 38 32 24 23 23 25
142 141 139 134 129 125 121 117 112 108 103 100 103 96 85 83 78 72 65 60 57 54 52 51 48 46 44 42 41 39 38 39 38 36 35 35 34 33 32 31 30 30 33 28 26 25 25 24 25 29 24 23 22 21 21 21 23 20 21 24 26 23 20 19 20 20 21 22 22 22 22 21 21 22 25 34 28 23 22 22 23
148 144 141 137 133 130 126 122 118 113 108 103 100 93 87 82 77 72 68 63 60 58 55 55 49 47 45 44 42 41 40 38 38 39 35 35 34 33 32 31 30 30 34 28 26 26 25 25 24 29 25 22 22 21 21 20 20 19 19 21 22 20 19 19 19 21 23 23 23 21 21 21 21 21 26 35 28 23 22 22 22
158 152 146 143 140 136 131 128 124 118 113 108 103 97 92 86 82 76 71 68 65 62 58 55 53 51 47 45 49 49 44 40 38 39 37 35 35 34 33 31 32 36 35 28 26 26 25 25 24 32 25 22 21 21 20 21 21 19 18 20 19 18 19 19 20 23 26 25 23 21 21 20 20 21 26 36 28 23 22 21 21
167 163 158 152 148 145 139 136 131 125 119 113 108 102 96 91 85 80 75 71 67 64 63 60 57 54 51 48 50 54 47 41 39 39 37 35 35 34 33 32 31 33 32 28 26 26 25 24 24 27 23 22 21 21 21 22 20 18 18 19 18 18 19 20 21 24 26 24 22 21 20 19 20 20 24 31 27 23 21 21 21
169 168 163 161 159 155 150 144 138 132 124 122 114 109 106 106 98 86 79 75 71 69 66 63 60 57 54 51 47 45 43 41 39 38 37 36 36 35 33 32 31 29 29 28 27 26 26 24 23 24 22 22 21 21 21 20 19 18 18 17 18 19 20 21 21 23 24 22 20 19 18 19 19 21 23 27 27 25 21 21 21
