data/Layers_WA/bio4.asc
NCOLS 376 
NROWS 439 
XLLCORNER -124.708333333333 
YLLCORNER 28 
CELLSIZE 0.0416666666666649 
NODATA_value -3.4e+38 
[rows 165 to 197 of 439, columns 146 to 218 of 376]
8049 8063 8084 8047 7942 7885 7946 7993 8015 8098 8174 8168 7881 7638 7690 7816 7719 7904 7834 7595 7037 7087 7254 7344 7492 7617 7675 7682 7680 7462 7644 7813 7838 7846 7801 7754 7243 7265 7330 7696 7872 7945 7970 7942 7884 7769 7789 7687 7681 7594 7404 7162 7239 7627 7858 7939 7966 7956 7892 7672 7645 7574 7503 7713 7896 7882 7979 8163 8159 8085 7957 8092 8092
8067 8110 8119 8069 7918 7865 7985 8072 8105 8156 8169 8188 8095 7797 7834 7834 7899 7973 7887 7583 6984 7004 7214 7291 7499 7628 7654 7685 7682 7544 7691 7782 7815 7810 7709 7449 7072 6993 7584 7868 7936 7961 7957 7953 7920 7698 7779 7729 7587 7380 7242 7049 7254 7527 7794 7866 7925 7923 7870 7735 7523 7692 7890 7926 8015 8096 8134 8134 8077 7935 7888 8048 8067
8056 8106 8106 8081 8121 8067 8036 8125 8158 8191 8139 8145 8132 7936 8039 8038 8028 7988 7794 7631 7169 7049 7112 7209 7547 7636 7664 7666 7624 7415 7592 7782 7783 7767 7453 7031 6919 7228 7779 7924 7944 7981 7942 7829 7689 7648 7743 7719 7659 7447 7289 7240 7269 7601 7758 7837 7880 7838 7794 7653 7435 7764 8028 8039 8043 8106 8039 8005 8014 7887 7954 8035 8027
8092 8027 8077 8119 8156 8106 8006 8121 8177 8180 8070 8005 8096 8058 8077 8049 7959 7779 7822 7706 7314 7170 7260 7244 7598 7640 7648 7633 7537 7374 7415 7727 7740 7589 7020 7033 6835 7518 7914 7958 7971 7966 7880 7719 7413 7584 7732 7721 7670 7495 7296 7320 7144 7522 7746 7807 7829 7715 7751 7738 7652 7877 7990 8024 8065 8095 8006 7831 7890 7901 7976 8015 7968
8061 7946 7913 8125 8134 8076 7890 8124 8167 8106 7800 7565 7768 7830 7945 7919 7768 7544 7706 7692 7411 7171 7293 7532 7591 7625 7519 7343 7315 7291 7474 7672 7621 7387 6981 7077 7203 7766 7928 7967 7957 7925 7719 7514 7352 7466 7648 7694 7630 7297 7293 7216 7252 7571 7742 7780 7658 7414 7553 7655 7601 7880 7966 8013 8026 8026 7963 7849 7822 7907 7936 7935 7905
7990 7969 7841 7930 8053 7898 7920 8119 8120 8031 7638 7524 7578 7658 7791 7762 7625 7438 7535 7581 7352 7285 7411 7527 7563 7456 7210 6970 7018 7210 7572 7562 7426 7149 6788 6937 7529 7844 7926 7967 7957 7770 7403 7264 7249 7492 7620 7655 7584 7321 7357 7214 7381 7431 7679 7651 7358 7237 7413 7541 7576 7809 7929 7966 7992 7951 7912 7863 7895 7969 7932 7836 7996
7991 7912 7854 7804 7833 7699 7734 8008 8060 7929 7748 7802 7685 7698 7812 7760 7664 7574 7574 7442 7421 7442 7472 7510 7446 7236 7006 6851 7013 7239 7531 7416 7210 6987 6790 7103 7750 7947 7975 7961 7929 7653 7116 7097 7277 7489 7571 7638 7615 7512 7394 7112 7201 7305 7531 7440 7096 7149 7343 7549 7684 7811 7897 7910 7867 7835 7796 7876 7929 7986 7918 7929 8037
8046 7990 7920 7895 7895 7686 7547 7944 8008 7811 7702 7779 7783 7831 7822 7710 7652 7657 7692 7621 7484 7481 7474 7410 7254 6991 6984 7054 7205 7454 7434 7249 7010 6815 7071 7830 7978 7998 7991 7951 7839 7419 7054 7069 7173 7305 7503 7585 7554 7508 7392 7184 7095 7167 7369 7309 7036 7197 7370 7535 7678 7776 7816 7705 7586 7647 7712 7829 7932 7959 7955 8032 8054
8024 8056 8025 7992 7923 7816 7614 7805 7840 7830 7740 7782 7708 7887 7915 7853 7806 7826 7853 7838 7454 7468 7456 7371 7142 6892 7048 7267 7363 7421 7311 7110 6977 7017 7683 7962 8022 7986 7963 7891 7718 7484 7055 6869 6951 7244 7498 7573 7527 7444 7345 7188 7015 7079 7180 7228 7080 7232 7366 7536 7643 7709 7720 7552 7399 7452 7656 7760 7959 8010 7985 8041 8005
7996 8016 8014 7902 7763 7874 7852 7805 7858 7887 7965 7803 7719 7921 7986 7973 7817 7816 8004 7890 7347 7350 7433 7360 7163 6888 7105 7267 7339 7312 7207 7008 6797 7256 7886 7984 8010 8018 7951 7791 7599 7304 6981 6892 6951 7352 7514 7502 7465 7383 7275 7103 7093 7262 7158 7250 7176 7223 7396 7529 7603 7682 7729 7565 7339 7409 7646 7852 7991 8045 7998 7984 8048
8050 8067 8053 7924 7809 7953 8080 8099 8139 8146 8156 7873 7895 7963 7984 8051 7986 7886 8081 7529 7200 7314 7434 7418 7244 7096 7155 7251 7271 7202 7014 6741 6874 7512 7956 7990 8058 8022 7976 7697 7343 7230 7049 6981 7243 7466 7528 7467 7403 7258 7129 6994 7202 7402 7310 7338 7202 7190 7403 7464 7585 7656 7677 7608 7522 7425 7561 7816 7972 8058 8006 7969 8066
7988 8024 8060 7996 7949 8093 8169 8187 8201 8201 8218 8096 8085 7990 8022 8112 8141 8137 8022 7387 7092 7307 7493 7501 7366 7118 7182 7273 7188 7078 6839 6667 7026 7730 7936 7990 8033 8004 7853 7601 7349 7100 7021 7072 7356 7495 7495 7412 7322 7233 7045 7118 7328 7440 7428 7381 7176 7275 7355 7306 7516 7619 7649 7631 7639 7614 7636 7712 7937 8057 8038 8000 8104
7806 7864 8021 8071 7995 8124 8175 8192 8191 8209 8187 8198 8159 8060 8131 8163 8207 8043 7834 7437 7321 7427 7567 7549 7300 7015 7127 7192 7086 6887 6639 6833 7012 7709 7936 7991 8004 7944 7819 7557 7329 7173 7148 7249 7482 7525 7502 7352 7151 7017 7070 7306 7448 7484 7464 7326 7263 7362 7245 7167 7444 7600 7618 7610 7727 7721 7665 7650 7906 8046 8083 8126 8141
7691 7754 7902 7904 7982 8080 8155 8202 8196 8210 8198 8226 8188 8190 8190 8215 8181 7797 7335 7276 7449 7542 7611 7569 7367 7132 7081 7151 7012 6764 6491 6766 6915 7283 7967 8011 8025 7914 7657 7317 7075 6986 7214 7456 7501 7526 7465 7149 6909 6901 7025 7404 7488 7529 7391 7146 7270 7402 7141 7342 7438 7645 7669 7671 7756 7770 7705 7587 7845 7952 8061 8149 8146
7730 7712 7691 7674 7838 7930 8072 8119 8121 8135 8219 8195 8218 8178 8156 8175 8051 7690 7298 7125 7419 7569 7659 7583 7374 7142 7050 7036 7059 6956 6622 6688 6603 6944 7917 8029 8026 7835 7480 6898 6486 6798 7234 7467 7521 7505 7347 6997 6671 6894 7172 7430 7535 7536 7392 7129 7325 7486 7389 7470 7449 7636 7645 7731 7786 7792 7723 7580 7757 7747 7922 8131 8184
7742 7793 7778 7772 7789 7653 7919 7991 7930 7849 8096 8161 8143 8136 8103 8031 7862 7736 7514 7342 7461 7628 7718 7565 7308 6958 7028 7087 6913 6875 6813 6608 6715 6992 7894 8004 7959 7774 7377 6862 6455 6684 7071 7402 7488 7442 7148 6978 6683 6901 7222 7473 7562 7510 7354 7160 7446 7602 7591 7422 7425 7538 7682 7783 7816 7752 7611 7480 7600 7730 7987 8151 8202
7723 7694 7649 7693 7690 7690 7602 7762 7653 7598 7904 8025 7929 8067 8053 7966 7934 7818 7797 7667 7609 7713 7718 7536 7258 6982 7025 7072 6874 6976 6974 6901 7097 7214 7831 7982 7883 7695 7438 7117 6744 6867 6987 7218 7458 7486 7203 6909 6731 6868 7288 7529 7560 7454 7255 7208 7349 7566 7662 7439 7418 7581 7721 7814 7816 7683 7373 7553 7756 7787 7974 8168 8210
7738 7362 7331 7439 7396 7597 7517 7483 7520 7480 7520 7554 7889 8024 8006 8009 7976 7929 7900 7784 7738 7807 7720 7560 7325 7048 7186 7193 6924 6915 7211 7118 7107 7427 7893 7927 7817 7494 7168 6815 6902 7053 7083 7315 7473 7473 7166 7003 6861 7097 7367 7587 7575 7358 7099 7034 7205 7543 7734 7602 7487 7665 7791 7817 7770 7624 7415 7589 7817 7963 8097 8189 8201
7917 7708 7551 7407 7437 7340 7459 7519 7398 7336 7268 7336 7702 7804 7921 7971 7926 7868 7797 7778 7728 7845 7806 7673 7532 7367 7404 7324 7194 7152 7289 7397 7172 7508 7911 7883 7727 7416 7037 6850 6931 7026 7270 7415 7472 7449 7232 7109 7043 7206 7428 7615 7535 7292 6999 7052 7019 7617 7808 7671 7532 7734 7817 7787 7734 7556 7593 7759 7970 8071 8153 8206 8227
8010 8002 7928 7907 7790 7492 7732 7653 7852 7752 7775 7620 7585 7508 7474 7836 7891 7726 7619 7624 7688 7817 7887 7816 7632 7549 7531 7287 7304 7375 7496 7594 7452 7580 7979 7861 7581 7332 7120 7207 7308 7291 7358 7444 7451 7387 7178 7104 7302 7290 7475 7608 7374 7300 7329 7283 7198 7787 7865 7781 7786 7834 7833 7624 7598 7581 7594 7817 8047 8167 8224 8224 8227
8006 7995 8025 8026 8012 7950 8075 8084 8086 8086 8101 7893 7529 7332 7243 7598 7804 7646 7348 7358 7551 7727 7897 7943 7877 7857 7733 7704 7518 7591 7518 7591 7839 7912 7934 7797 7503 7198 7189 7350 7506 7432 7367 7432 7380 7266 7075 7394 7506 7431 7370 7593 7508 7374 7558 7647 7805 7922 7916 7834 7868 7868 7854 7742 7637 7649 7689 7985 8155 8207 8199 8220 8227
7966 7978 7964 7846 7746 7950 8048 8018 8033 8097 8179 8180 7801 7454 7174 7413 7688 7655 7370 7262 7440 7680 7746 7847 7999 8017 8002 7971 7817 7855 7876 7929 7993 7984 7840 7607 7382 7296 7316 7500 7629 7526 7428 7358 7226 7063 7199 7526 7661 7607 7522 7632 7521 7522 7814 7922 7951 7951 7854 7637 7826 7863 7880 7767 7664 7709 7918 8109 8179 8238 8210 8212 8221
7858 7928 7925 7783 7648 7621 7588 7469 7524 7757 8004 8238 8122 7781 7558 7432 7564 7692 7680 7600 7587 7663 7772 7816 7889 8099 8126 8106 8045 8014 8083 8076 8063 7941 7671 7403 7175 7426 7537 7643 7645 7568 7367 7376 7151 7311 7466 7644 7727 7556 7492 7398 7294 7338 7869 8011 8005 7952 7878 7745 7814 7854 7851 7789 7786 7745 7985 8148 8179 8233 8240 8208 8192
7669 7775 7685 7484 7484 7610 7580 7348 7239 7360 7675 8146 8221 8080 7910 7649 7384 7573 7813 7892 7906 7830 7877 7979 7913 7967 8160 8197 8215 8189 8173 8125 8060 7905 7724 7504 7544 7614 7707 7756 7526 7307 7241 7268 7210 7164 7481 7729 7760 7556 7543 7360 7332 7429 7845 8017 8033 7970 7885 7685 7813 7826 7849 7861 7830 7864 8108 8209 8200 8183 8179 8221 8208
7257 7619 7506 7246 7196 7396 7591 7641 7695 7666 7802 8054 8232 8018 7613 7463 7090 7216 7770 8017 8079 7989 7838 7991 8052 8040 8137 8234 8238 8245 8189 8048 7949 7902 7824 7743 7762 7811 7802 7773 7531 7224 7087 7172 7062 7140 7561 7751 7803 7729 7636 7286 7354 7472 7840 7970 8017 8010 7802 7645 7795 7823 7875 7843 7908 8051 8155 8194 8192 8170 8182 8179 8160
7104 7546 7579 7371 7206 7316 7545 7695 7723 7659 7691 7902 8219 8080 7297 7038 7039 7183 7818 8117 8118 7967 7730 7929 8108 8075 8069 8251 8265 8283 8174 7998 7713 7573 7631 7845 7873 7881 7882 7792 7645 7398 7187 7004 7003 7223 7503 7792 7797 7793 7624 7299 7265 7394 7825 8000 8034 8047 7992 7797 7656 7742 7847 7728 7817 8145 8154 8172 8181 8181 8168 8151 8012
7341 7491 7482 7374 7251 7025 7221 7237 7165 7109 7410 8000 8250 8259 7879 7320 7421 7612 7902 8117 8116 8035 7757 7965 8111 8076 8108 8326 8307 8326 8239 8045 7634 7155 7481 7788 7912 7924 7910 7834 7723 7558 7485 7403 7320 7522 7553 7832 7803 7829 7691 7319 7325 7474 7793 8027 8073 8062 8045 7899 7572 7822 7906 7853 7949 8127 8171 8174 8163 8158 8121 8087 7878
7290 7393 7167 7047 7131 7202 7385 7405 7227 7212 7853 8156 8273 8290 8162 7892 7807 7682 7917 8060 8089 8048 8004 8060 8150 8093 8238 8344 8343 8343 8315 8169 7851 7417 7595 7786 7866 7936 7907 7794 7656 7511 7557 7579 7630 7737 7771 7893 7841 7890 7758 7528 7480 7627 7855 8035 8089 8091 8072 7964 7778 7744 7877 7993 8035 8123 8156 8149 8139 8156 8053 7919 7808
7076 7015 7029 7029 7329 7691 7888 7906 7706 7564 7889 7959 8002 8092 8166 8074 7980 7827 7799 7980 8037 7976 7946 7934 8126 8277 8358 8379 8386 8386 8355 8204 7945 7635 7676 7714 7851 7966 7865 7687 7500 7367 7538 7651 7583 7807 7841 7938 7911 7932 7819 7647 7520 7784 7968 8050 8062 8076 8061 7942 7742 7778 7977 8073 8095 8116 8122 8119 8116 8006 7653 7542 7546
6877 7071 7331 7260 7278 7816 7890 7882 7527 7308 7815 7749 7656 7943 8084 8133 8215 8121 7917 7801 7803 7852 7658 7681 8108 8379 8409 8398 8398 8398 8356 8227 8032 7783 7737 7886 7996 8005 7806 7599 7436 7596 7532 7763 7672 7745 7894 7893 7949 7937 7883 7752 7590 7783 8015 8049 8063 8014 7988 8012 7993 8089 8106 8093 8124 8063 8065 8035 7841 7615 7263 7293 7344
6882 7356 7459 7362 7573 7645 7760 7785 7759 7575 7622 7743 7723 7834 8052 8179 8326 8230 7925 7580 7607 7687 7411 7908 8307 8426 8446 8453 8424 8400 8334 8246 8076 7783 7685 7945 8054 8032 7916 7781 7651 7643 7796 7809 7630 7651 7881 7942 7982 7949 7881 7790 7632 7660 7964 8015 8002 7892 7744 7906 8049 8086 8092 8114 8065 7963 7913 7681 7375 7357 7098 7383 7518
7105 7290 7231 7376 7402 7496 7422 7528 7658 7365 7371 7597 7926 8130 8258 8318 8344 8262 7833 7529 7735 7880 7891 8167 8417 8483 8470 8393 8320 8350 8317 8213 8076 7907 7800 8001 8120 8096 8084 7975 7853 7778 7886 7934 7729 7720 7847 7961 7986 7918 7847 7661 7512 7625 7864 7974 7923 7707 7630 7784 7990 8110 8116 8101 7979 7775 7722 7509 7244 7049 7267 7523 7570
7008 6995 7039 7163 7245 7283 7167 7363 7491 7282 6945 7280 7825 8192 8277 8330 8354 8347 8124 8030 8101 8178 8319 8428 8502 8427 8207 8053 8092 8246 8299 8198 8072 7890 7899 8061 8146 8152 8149 8128 8031 7877 7951 7999 7787 7751 7887 7974 7972 7889 7732 7606 7498 7498 7841 7932 7814 7610 7596 7781 7976 8104 8104 8063 7952 7749 7593 7376 7160 7228 7538 7681 7753
