data/Layers_WA/bio4.asc
NCOLS 376 
NROWS 439 
XLLCORNER -124.708333333333 
YLLCORNER 28 
CELLSIZE 0.0416666666666649 
NODATA_value -3.4e+38 
[rows 198 to 230 of 439, columns 146 to 218 of 376]
6712 6662 6667 6876 6864 6991 7098 7297 7422 7419 7392 7622 7943 8159 8244 8304 8341 8348 8284 8318 8363 8394 8431 8480 8446 8195 7600 7341 7866 8111 8246 8219 8107 7961 7916 8100 8182 8181 8178 8179 8166 8071 8080 8080 8003 7971 8010 8010 7935 7758 7527 7154 7199 7591 7825 7883 7816 7668 7483 7703 7967 8113 8101 8063 7942 7678 7457 7450 7247 7428 7617 7717 7813
6908 6789 6673 6613 6734 6826 6986 6975 7179 7418 7611 7561 7497 7861 8147 8246 8170 7935 8225 8333 8412 8457 8470 8450 8326 8116 7940 7711 7899 8024 8261 8309 8193 7955 7933 8102 8210 8214 8210 8211 8191 8039 8065 8102 8085 8053 8063 7979 7795 7648 7456 7191 7152 7565 7774 7825 7752 7646 7457 7612 7951 8111 8122 8076 7901 7646 7439 7571 7593 7700 7723 7762 7803
6953 6842 6796 6981 7077 7198 7195 6684 6851 7212 7549 7754 7826 7852 8053 8237 8209 7850 8104 8266 8376 8431 8448 8374 8141 7867 7644 7761 8176 8093 8362 8435 8379 8238 8139 8185 8268 8243 8246 8237 8202 8067 8076 8125 8124 8091 8058 7940 7766 7561 7267 7256 7128 7414 7641 7767 7743 7681 7539 7492 7867 8083 8082 8042 7854 7544 7558 7741 7836 7863 7882 7762 7553
6950 6916 7226 7355 7298 7016 6564 6281 6631 7083 7549 7892 7988 7828 7947 8199 8291 8059 7729 8014 8266 8359 8413 8391 8237 8125 7926 8080 8330 8447 8526 8484 8454 8340 8192 8243 8292 8276 8247 8249 8215 8173 8166 8152 8144 8091 8071 7971 7870 7696 7609 7562 7372 7282 7528 7675 7745 7730 7620 7417 7726 8029 8061 7968 7790 7643 7752 7889 7949 7946 7914 7742 7395
6806 6875 7300 7397 7221 6339 5847 6106 6565 7093 7477 7823 7996 8045 8144 8252 8257 8023 7452 7451 7843 8065 8331 8530 8571 8582 8548 8487 8436 8560 8524 8500 8454 8405 8316 8249 8287 8288 8270 8253 8191 8168 8157 8136 8144 8135 8091 8037 7922 7853 7798 7711 7619 7370 7423 7650 7718 7775 7701 7392 7657 7987 7986 7908 7739 7815 7892 7958 7989 7993 7969 7836 7497
6620 6924 7209 7353 7225 6282 5632 5992 6414 6812 7480 7798 8004 8113 8191 8220 7967 7867 7729 7287 7285 7383 8121 8594 8752 8790 8804 8615 8372 8487 8408 8379 8365 8350 8295 8161 8155 8257 8186 8182 8121 8003 8019 8079 8104 8126 8107 8054 8005 7941 7864 7814 7714 7557 7326 7479 7685 7761 7810 7693 7817 7951 7955 7888 7779 7788 7926 7984 8023 8010 8016 7965 7556
6525 6788 7098 7104 7349 6806 5693 5610 6131 6633 7289 7786 8001 8086 8128 7999 7459 7292 7194 7125 7187 7614 7936 8601 8800 8805 8786 8638 8347 8249 8012 8066 8185 8273 8212 8056 8065 8177 8235 8180 7992 7816 7816 7978 8057 8101 8097 8061 8010 7967 7918 7886 7817 7688 7416 7361 7639 7756 7804 7866 7884 7915 7923 7824 7700 7779 7907 7998 8024 8037 8013 7959 7760
6441 6551 7011 7215 7527 7449 6502 5698 5886 6266 7023 7599 7963 8073 7931 7566 7221 6928 6977 6876 7345 8021 8495 8753 8822 8807 8676 8365 8174 7961 7546 7726 8045 8174 8082 7977 8004 8150 8313 8263 8047 7791 7698 7861 7998 8058 8105 8083 8041 8002 7977 7956 7887 7772 7500 7449 7608 7730 7820 7848 7767 7844 7788 7713 7780 7881 7937 8037 8008 8031 7984 7890 7778
6441 6456 6865 7216 7515 7604 7159 6103 5678 6135 6660 7192 7848 8069 8039 7611 6968 6843 7111 7265 7790 8315 8669 8776 8832 8748 8558 8109 8013 7595 7384 7729 7926 8011 8100 8160 8211 8265 8400 8411 8297 8173 7963 7864 7821 7980 8090 8098 8066 7994 7943 7997 7954 7859 7552 7447 7573 7744 7823 7809 7673 7738 7783 7705 7801 7943 8012 8025 8027 8021 7969 7819 7737
6529 6661 6820 7221 7469 7610 7402 6304 5561 5716 6452 7004 7575 8037 8111 7985 7480 7290 7209 7578 8076 8499 8692 8775 8759 8644 8477 8223 7925 7782 7963 8074 8103 8137 8282 8318 8375 8426 8469 8469 8446 8364 8214 7980 7669 7817 8038 8069 8047 7998 8005 8023 8008 7911 7644 7616 7707 7802 7872 7826 7706 7767 7822 7832 7881 7954 7993 7993 8014 7967 7883 7644 7571
6503 6651 6833 7257 7504 7600 7408 6574 5838 5546 6041 6724 7302 7828 8050 8144 7984 7615 7440 7470 7945 8345 8477 8542 8518 8469 8245 8064 7727 7881 8207 8248 8170 8204 8347 8422 8473 8477 8480 8468 8428 8352 8230 8042 7770 7771 7973 8040 8037 7967 7975 8043 8040 7951 7736 7636 7790 7852 7889 7803 7644 7679 7791 7858 7913 7932 7964 7931 7899 7852 7815 7617 7642
6572 6633 6931 7242 7492 7603 7562 6776 5873 5615 5879 6144 6585 7197 7749 8091 8170 7999 7677 7447 7531 7785 7954 7921 8022 8081 7934 7750 7905 8236 8380 8331 8260 8336 8388 8482 8467 8364 8292 8258 8268 8239 8214 8098 7974 7899 7973 8011 7967 7945 8040 8068 8063 8015 7842 7761 7856 7896 7894 7776 7542 7535 7751 7843 7873 7864 7825 7743 7573 7676 7737 7804 7841
6742 6924 7120 7270 7468 7598 7651 7162 6284 5764 5859 6103 6268 6608 7324 7874 8147 8189 7878 7811 7711 7503 7415 7161 7031 7425 7585 7739 8177 8401 8401 8362 8298 8280 8508 8494 8108 7635 7736 8034 8168 8151 8203 8127 7993 7888 7945 8010 8002 8004 8077 8105 8092 8074 7937 7679 7893 7929 7902 7769 7554 7332 7633 7791 7736 7733 7763 7629 7384 7596 7774 7874 7916
7068 7110 7185 7323 7450 7576 7631 7391 6737 6154 5923 5978 6206 6571 6907 7568 8041 8196 8207 8099 7935 7724 7515 7221 7075 7148 7477 7739 7958 8305 8315 8298 8337 8476 8543 8470 8180 7783 7735 8092 8195 8183 8121 8061 7958 7946 8015 8056 8060 8080 8102 8089 8060 8053 7944 7751 7891 7939 7913 7798 7533 7423 7661 7791 7864 7850 7765 7624 7429 7392 7680 7852 7941
7148 7240 7227 7328 7426 7532 7630 7559 6870 6269 5998 6193 6395 6674 6977 7405 7668 8055 8209 8082 7761 7603 7693 7582 7327 7252 7428 7928 8229 8409 8481 8492 8511 8535 8541 8544 8494 8409 8247 8280 8263 8183 8120 8081 8028 8073 8109 8109 8096 8081 8103 8078 8065 8011 7789 7715 7873 7898 7901 7694 7398 7447 7708 7824 7915 7898 7838 7660 7508 7213 7574 7715 7912
7037 7168 7256 7366 7457 7526 7598 7605 7106 6587 5994 6171 6570 6904 7598 7965 7552 8037 8123 7915 7495 7253 7302 7482 7305 7147 7616 8158 8355 8411 8451 8431 8379 8368 8439 8496 8470 8559 8368 8201 8180 8192 8149 8127 8032 8072 8096 8095 8015 8038 8048 8032 8005 7862 7675 7577 7833 7891 7818 7440 7420 7631 7767 7906 7959 7953 7885 7746 7572 7401 7626 7727 7862
6558 6838 7073 7278 7409 7504 7580 7647 7259 6554 6300 6489 7054 7546 7956 7869 8100 8368 8380 8106 8021 7870 7577 7485 7559 7806 8087 8264 8290 8237 8214 8049 7983 8062 8295 8511 8583 8593 8505 8141 8155 8111 8131 8091 8038 8058 8001 7955 7892 7981 8001 7944 7872 7716 7567 7512 7694 7829 7658 7427 7656 7784 7870 7944 7968 7987 7956 7806 7652 7544 7707 7789 7842
6253 6539 6768 6895 7071 7463 7590 7678 7507 6792 6606 6890 7485 7883 7949 7642 8232 8457 8505 8495 8340 7482 7708 8080 8207 8271 8311 8100 7953 7981 7923 7767 7684 7963 8287 8492 8608 8633 8594 8344 8179 8205 8156 8059 7988 7960 7868 7858 7858 7903 7861 7715 7688 7632 7520 7493 7587 7657 7515 7487 7654 7850 7940 7973 7981 7991 7986 7949 7907 7871 7827 7769 7838
5962 6108 5966 6056 6373 7169 7592 7680 7600 6802 6693 6872 7418 7909 7579 7510 8210 8407 8511 8518 8500 7944 7302 8308 8560 8624 8597 8395 8276 8165 7860 7541 7631 8085 8295 8479 8625 8662 8638 8562 8364 8344 8225 7870 7845 7749 7904 7777 7831 7821 7759 7729 7641 7569 7510 7433 7437 7490 7428 7555 7543 7642 7896 7956 7999 7984 8000 7987 7964 7920 7856 7767 7758
5740 5771 5583 5789 5939 6925 7555 7661 7733 7424 7073 6787 6989 7038 6839 7366 7748 8276 8523 8572 8611 8406 7904 8247 8660 8729 8704 8549 8176 7892 7520 7632 8050 8385 8523 8572 8659 8662 8626 8565 8450 8440 8375 8239 8109 7938 8001 8065 7981 7870 7733 7699 7657 7553 7469 7410 7378 7403 7456 7666 7625 7798 7868 7939 7978 7978 7898 7949 7954 7903 7838 7756 7700
5468 5609 5459 5652 5762 6395 7231 7643 7736 7733 7538 7124 6647 6616 6785 7079 7338 7999 8484 8566 8612 8477 8255 8119 8443 8756 8759 8629 8316 7967 7726 7912 8220 8456 8565 8614 8570 8630 8607 8608 8559 8529 8479 8415 8308 8098 8136 8140 8118 8013 7891 7822 7812 7726 7562 7513 7627 7426 7587 7871 7957 8028 8004 7929 7876 7940 7767 7880 7924 7875 7846 7746 7724
5292 5479 5357 5554 5917 6390 7052 7510 7734 7803 7545 7217 6951 6703 6993 7036 7453 7979 8430 8477 8599 8634 8565 8347 8047 8733 8806 8720 8487 8197 8036 8007 8101 8345 8602 8476 8331 8541 8584 8592 8565 8528 8499 8482 8385 8278 8183 8177 8236 8093 7960 7876 7885 7863 7824 7827 7772 7615 7597 7907 8045 8084 8013 7872 7743 7839 7851 7830 7853 7852 7811 7800 7745
5562 5396 5266 5461 5681 6122 6812 7205 7666 7818 7401 6753 6686 6634 6763 7219 7545 7937 8066 8330 8397 8594 8676 8661 8029 8544 8799 8799 8585 8330 8210 8354 8409 8518 8453 8115 8101 8411 8502 8543 8547 8510 8469 8462 8432 8374 8367 8308 8195 8073 7849 7655 7697 7877 7903 7949 7849 7741 7790 7967 8057 8080 8025 7904 7808 7822 7911 7872 7849 7784 7747 7679 7532
5581 5605 5537 5376 5340 5799 6693 7287 7623 7783 7626 6510 6297 6504 6492 7040 7336 7707 7643 8018 8020 8522 8610 8522 7925 8359 8717 8828 8783 8604 8575 8559 8515 8356 8015 7768 8042 8261 8405 8477 8504 8468 8473 8396 8456 8414 8402 8315 8183 8023 7832 7646 7608 7803 7940 8002 7916 7817 7916 7986 8073 8073 8057 7969 7863 7851 7892 7865 7802 7696 7645 7663 7541
5665 5693 5445 5337 5336 5568 6549 7303 7621 7806 7668 6822 6310 6384 6119 6756 7235 7656 7743 7844 7730 8153 8397 8194 7905 7960 8615 8810 8850 8859 8770 8595 8481 8137 7631 7401 7774 8059 8292 8380 8421 8444 8433 8337 8420 8475 8398 8270 8187 8133 8036 7788 7724 7801 7939 8014 7906 7681 7826 7990 8059 8089 8086 7999 7923 7878 7841 7791 7756 7683 7671 7736 7710
6077 5702 5453 5395 5493 5429 6140 7215 7659 7819 7686 6834 6247 6009 6125 6725 7589 7938 7958 7869 7830 7759 8105 8076 7451 7579 8473 8759 8715 8871 8870 8792 8542 7924 7518 7257 7619 7945 8183 8261 8338 8410 8297 8197 8410 8498 8439 8331 8241 8035 8047 7999 7939 7866 7974 7786 7760 7710 7906 7903 8018 8090 8085 8028 7996 7921 7865 7746 7699 7724 7812 7945 7817
5664 5431 5461 5517 5376 5371 5917 6930 7632 7828 7820 7282 6683 6229 6138 6746 7723 8205 8221 8144 7910 7674 8338 8133 7146 7647 8395 8429 8297 8736 8927 8944 8768 8383 7790 7416 7407 7650 7989 8101 8151 8280 8177 8345 8450 8518 8438 8311 8277 8154 7963 7824 7852 8057 8023 7651 7631 7613 7868 7986 7900 7997 8043 7998 7932 8014 7908 7764 7690 7761 7933 8030 7975
5494 5442 5693 5508 5523 5517 5581 6269 7548 7778 7870 7658 7153 6614 6632 7478 8087 8343 8409 8418 8206 8106 8508 8028 7185 7217 8143 7631 7500 8442 8844 8983 8966 8798 8381 7890 7855 7668 7888 8245 8349 8432 8458 8523 8560 8427 8244 8223 8374 8311 8138 7984 8136 8172 8002 7895 7923 7796 7878 7980 7992 8078 8120 8014 8020 8099 7986 7688 7659 7727 7900 8076 8059
5492 5597 5972 5656 5606 5427 5475 6355 7341 7733 7863 7837 7629 7018 6648 7477 8153 8390 8458 8468 8477 8527 8564 8105 7728 7538 7967 7576 7451 8033 8647 8992 9074 9073 8933 8533 8349 8290 7853 8208 8432 8517 8594 8620 8665 8388 8031 8203 8426 8406 8281 8094 8237 8312 8178 8087 8088 8027 7860 7899 7992 8123 8148 8169 8191 8159 8066 7845 7807 7696 7750 8075 8120
5970 6188 5805 5468 5386 5401 5461 6357 7173 7664 7841 7888 7903 7494 6418 6694 7776 8400 8472 8516 8571 8544 8172 7931 8243 8095 8072 7521 7256 7699 8499 8946 9074 9141 9143 8906 8469 8198 8188 8061 8328 8498 8591 8634 8687 8656 8481 8221 8534 8480 8409 8224 8273 8360 8328 8258 8201 8123 8004 7942 7995 8045 8147 8217 8216 8169 8061 7967 7833 7674 7761 8111 8163
6181 5963 5876 5757 5598 5420 5449 6157 7021 7470 7754 7864 7936 7780 6547 6482 7316 8297 8470 8524 8574 8588 8420 8149 8374 8249 8195 7554 7429 7892 8666 8931 9079 9133 9186 9170 8901 8747 8398 8364 8345 8393 8528 8612 8680 8691 8679 8518 8595 8551 8488 8376 8349 8400 8389 8328 8246 8123 7851 7866 7938 8051 8158 8172 8156 8033 7873 7845 7827 7787 7916 8143 8156
5959 5650 5417 5310 5496 5368 5330 5813 6765 7247 7623 7818 7896 7913 7001 6142 6735 7722 8414 8512 8556 8607 8591 8524 8289 8333 8029 7918 7630 8149 8588 8931 9078 9123 9153 9208 9174 9071 8839 8807 8652 8331 8398 8509 8623 8702 8709 8691 8623 8621 8520 8519 8475 8453 8423 8214 8144 8112 8018 8053 8030 8068 8090 8061 8014 7908 7845 7834 7766 7895 8090 8148 8153
5609 5714 5450 5205 5311 5185 5212 5587 6098 7021 7442 7710 7869 7925 7589 6457 6392 7170 8120 8485 8550 8599 8628 8627 8327 8333 8100 8086 7808 8082 8509 8873 9055 9122 9158 9190 9200 9182 9121 9080 8995 8517 8174 8343 8578 8714 8689 8701 8699 8662 8593 8567 8530 8503 8442 8328 8241 8213 8144 8099 8069 8027 7934 7918 7878 7779 7792 7874 7914 8029 8137 8144 8076
