data/Layers_WA/bio4.asc
NCOLS 376 
NROWS 439 
XLLCORNER -124.708333333333 
YLLCORNER 28 
CELLSIZE 0.0416666666666649 
NODATA_value -3.4e+38 
[rows 264 to 296 of 439, columns 146 to 218 of 376]
7020 6813 6401 6457 6641 6684 6573 6567 6468 6576 6868 6916 6980 7228 7510 7572 7609 7616 7559 7524 7456 7505 7564 7636 7687 7700 7768 7827 7848 7808 7766 7673 7692 7719 7682 7839 7922 7912 7939 7940 7899 7859 7840 7811 7974 7997 8079 8110 8068 7907 8153 8244 8270 8233 8236 8207 8218 8109 8109 8239 8359 8421 8388 8348 8289 8248 8090 7940 7780 7747 7690 7571 7441
6585 6857 6592 6395 6247 6327 6399 6403 6375 6393 6628 6918 7128 7443 7521 7553 7570 7584 7564 7556 7565 7611 7653 7677 7693 7671 7686 7775 7788 7763 7736 7711 7724 7794 7813 7841 7864 7894 7894 7874 7851 7823 7714 7734 7862 7941 8053 8108 8097 8120 8190 8249 8261 8238 8177 8150 8100 8048 8212 8220 8362 8377 8367 8345 8311 8233 8119 7948 7833 7738 7596 7563 7540
6123 6493 6550 6354 6230 6266 6407 6432 6430 6384 6571 6955 7281 7446 7526 7557 7572 7595 7592 7602 7617 7641 7676 7682 7662 7711 7717 7644 7653 7778 7775 7736 7767 7802 7759 7773 7803 7792 7837 7768 7730 7846 7817 7798 7904 7914 7987 8091 8086 8122 8130 8178 8189 8231 8228 8168 8051 8091 8249 8292 8319 8357 8339 8323 8306 8181 8100 7985 7867 7757 7596 7635 7688
6318 6240 6277 6377 6386 6380 6441 6517 6335 6480 6844 7237 7384 7448 7489 7541 7559 7570 7582 7616 7615 7647 7649 7669 7682 7691 7712 7722 7722 7744 7793 7782 7788 7668 7728 7797 7796 7744 7747 7744 7728 7869 7912 7934 7998 7987 7981 7995 7985 8003 8056 8099 8171 8210 8226 8233 8193 8168 8242 8232 8279 8334 8333 8314 8288 8129 7965 7914 7808 7751 7725 7781 7873
6403 6328 6295 6282 6352 6422 6499 6526 6570 6882 7150 7285 7374 7436 7496 7525 7567 7559 7587 7635 7633 7646 7658 7629 7643 7691 7700 7712 7743 7738 7739 7777 7788 7762 7763 7804 7767 7706 7656 7666 7685 7888 7947 7987 8030 8012 8010 7930 7905 7927 7962 8054 8110 8117 8169 8169 8229 8208 8195 8275 8281 8301 8323 8304 8270 8186 7892 7912 7686 7654 7826 7939 7970
6139 6042 6022 5918 6134 6345 6459 6598 6799 7078 7242 7322 7380 7439 7491 7497 7525 7572 7576 7593 7592 7609 7632 7623 7624 7644 7660 7688 7703 7695 7699 7725 7724 7757 7769 7792 7742 7659 7561 7570 7636 7836 7909 7943 7998 7998 8006 7985 7961 7979 8007 8029 8073 8085 8080 8106 8194 8205 8209 8240 8259 8274 8278 8258 8229 8217 8114 7927 7857 7765 7897 8013 8005
6402 6215 6117 5799 6111 6281 6514 6817 7003 7170 7272 7349 7388 7437 7435 7488 7527 7547 7561 7571 7592 7586 7604 7592 7622 7630 7625 7639 7645 7648 7646 7664 7680 7700 7724 7722 7753 7711 7681 7696 7725 7726 7739 7826 7918 7942 7974 7971 7966 7972 8015 8054 8041 8047 8057 8095 8133 8169 8172 8200 8230 8221 8220 8187 8227 8203 8186 8048 7989 8008 8054 8085 7966
6096 6159 6253 6283 6289 6454 6715 6943 7066 7190 7218 7361 7396 7431 7459 7495 7532 7546 7559 7562 7557 7568 7565 7570 7579 7591 7583 7583 7596 7601 7606 7629 7645 7639 7666 7686 7703 7693 7694 7741 7746 7710 7656 7736 7866 7901 7892 7930 7949 7961 7983 7979 7933 7899 7987 8036 8063 8107 8151 8144 8117 8068 8110 8034 8122 8176 8182 8150 8107 8101 8092 8042 7872
6072 6290 6476 6595 6642 6762 6923 7054 7159 7200 7277 7330 7378 7408 7449 7491 7502 7521 7522 7519 7510 7517 7492 7506 7514 7520 7533 7541 7551 7556 7565 7554 7587 7608 7594 7629 7662 7663 7652 7687 7712 7734 7753 7726 7829 7846 7866 7876 7900 7901 7920 7911 7852 7782 7837 7928 7976 8035 8089 8005 7973 7837 8014 8006 7952 8037 8144 8133 8084 7993 7976 7926 7745
6441 6538 6590 6671 6802 6917 6985 7097 7144 7218 7275 7323 7372 7394 7434 7452 7471 7498 7515 7493 7495 7488 7467 7452 7467 7468 7462 7462 7516 7526 7519 7514 7526 7550 7532 7533 7557 7598 7624 7642 7662 7700 7727 7771 7794 7813 7810 7848 7848 7847 7852 7854 7797 7726 7679 7747 7913 7996 8031 7900 7876 7882 7927 7882 8023 8113 8096 8065 7988 7913 7884 7809 7598
6560 6621 6679 6749 6830 6923 6996 7072 7140 7209 7284 7329 7331 7354 7401 7415 7429 7435 7453 7444 7451 7442 7432 7420 7417 7418 7430 7431 7442 7464 7469 7463 7466 7491 7470 7505 7519 7534 7554 7579 7591 7623 7646 7686 7727 7751 7766 7771 7796 7802 7811 7838 7797 7726 7602 7712 7912 7985 8038 8011 7978 7871 7830 7842 7914 8029 8045 7977 7824 7671 7598 7626 7425
6568 6607 6671 6743 6808 6879 6967 7040 7097 7181 7251 7270 7311 7349 7363 7361 7369 7377 7370 7385 7392 7381 7390 7362 7352 7361 7399 7385 7398 7392 7407 7420 7413 7423 7403 7437 7449 7454 7461 7450 7476 7491 7501 7550 7587 7590 7619 7708 7756 7795 7792 7816 7829 7811 7768 7769 7840 7933 8003 8009 7991 7928 7837 7867 7925 7945 7936 7878 7428 7216 7116 7349 7409
6498 6552 6615 6677 6735 6828 6914 7003 7073 7156 7226 7247 7274 7317 7312 7318 7314 7328 7349 7321 7316 7291 7311 7287 7301 7305 7327 7329 7317 7337 7332 7342 7332 7350 7365 7383 7395 7371 7392 7389 7378 7338 7319 7305 7256 7289 7501 7614 7665 7680 7714 7764 7771 7764 7780 7746 7722 7831 7939 7994 7959 7878 7833 7769 7755 7839 7776 7705 7607 7335 7276 7387 7479
6384 6464 6521 6596 6669 6758 6842 6937 7025 7105 7164 7210 7246 7258 7290 7262 7278 7257 7290 7255 7242 7242 7255 7248 7229 7175 7216 7261 7283 7266 7260 7271 7282 7306 7296 7282 7260 7278 7306 7309 7297 7274 7222 7193 7211 7283 7322 7344 7367 7444 7566 7651 7704 7742 7751 7783 7797 7829 7875 7913 7923 7854 7863 7851 7813 7792 7740 7728 7654 7657 7652 7586 7654
6321 6300 6401 6473 6595 6665 6742 6857 6942 7014 7084 7138 7207 7237 7263 7241 7216 7216 7205 7196 7171 7182 7174 7191 7174 7138 7157 7192 7185 7204 7182 7220 7191 7212 7186 7176 7151 7118 7159 7213 7125 7145 7123 6906 7091 7173 7107 7103 7128 7264 7331 7409 7543 7616 7739 7744 7740 7741 7783 7791 7838 7869 7934 7915 7887 7864 7880 7772 7769 7823 7829 7766 7708
6313 6360 6405 6471 6501 6566 6624 6711 6825 6911 7031 7095 7154 7182 7186 7164 7134 7107 7107 7105 7075 7094 7096 7098 7106 7106 7107 7130 7146 7147 7132 7139 7081 7128 7132 7123 7095 7060 7135 7154 7046 6966 7063 7068 6930 7132 7121 7003 7007 7195 7235 7282 7380 7469 7695 7734 7713 7640 7633 7807 7879 7919 7949 7942 7934 7916 7958 7935 7853 7840 7925 7945 7838
6204 6199 6326 6381 6414 6500 6507 6587 6701 6795 6902 7001 7067 7093 7073 7061 7048 7034 7013 7021 6996 7006 6995 7006 7008 7023 7013 7045 7070 7098 7057 7053 7064 7068 7068 7054 7038 6944 7014 7107 7092 7091 7074 7046 7116 7126 7083 7148 7239 7217 7290 7390 7306 7461 7574 7575 7612 7590 7640 7775 7892 7925 7948 7957 7976 8006 8010 8023 8020 7955 7936 8026 8037
5768 5869 6013 6127 6331 6442 6457 6466 6441 6493 6696 6840 6900 6939 6942 6959 6939 6925 6922 6905 6916 6916 6920 6909 6930 6936 6953 6961 6971 7008 6996 6969 6988 7000 6975 6959 6990 6965 6907 7015 7062 7079 7074 7079 7111 7063 7113 7181 7233 7306 7358 7412 7382 7364 7306 7287 7339 7519 7626 7737 7836 7874 7940 7948 7984 8009 8030 8032 8057 8066 8055 8050 8095
5306 5560 5720 6113 6120 6235 6349 6455 6531 6547 6564 6603 6717 6757 6810 6809 6796 6817 6818 6824 6831 6810 6830 6844 6837 6839 6847 6863 6867 6871 6898 6891 6868 6877 6897 6901 6879 6870 6881 6956 6976 7012 7024 7049 7050 7038 7085 7173 7208 7192 7293 7307 7327 7371 7345 7352 7287 7321 7446 7560 7716 7813 7870 7900 7949 7993 8003 8026 8040 8056 8056 8061 8084
5037 5236 5329 5494 5716 5953 6149 6251 6411 6480 6544 6561 6550 6485 6600 6571 6658 6673 6700 6674 6695 6680 6722 6734 6734 6732 6764 6763 6769 6786 6778 6783 6809 6793 6803 6824 6828 6817 6857 6857 6887 6919 6960 6954 6996 7035 7050 7103 7161 7199 7179 7295 7367 7436 7421 7433 7428 7397 7371 7409 7521 7709 7746 7800 7820 7944 7973 7982 8018 8016 8025 8042 8062
4815 4901 5065 5264 5496 5554 5883 6098 6190 6296 6408 6448 6424 6350 6446 6399 6317 6485 6532 6480 6459 6456 6533 6570 6594 6622 6642 6682 6683 6699 6688 6720 6704 6696 6721 6714 6738 6755 6771 6796 6818 6826 6849 6887 6921 6987 7040 7075 7103 7147 7197 7187 7225 7423 7443 7257 7406 7468 7509 7441 7479 7592 7712 7800 7806 7881 7910 7945 7953 7983 8018 8016 8029
4958 4859 4928 5172 5358 5637 6101 6162 6181 6196 6148 6144 6190 6071 6063 6193 6056 5979 6105 6178 6111 6058 6040 6221 6422 6487 6521 6544 6569 6608 6611 6608 6619 6603 6612 6626 6604 6579 6642 6695 6703 6734 6765 6815 6812 6882 6932 6998 7063 7102 7160 7174 7233 7338 7396 7388 7359 7454 7578 7624 7473 7589 7537 7697 7742 7746 7861 7748 7765 7932 7964 7998 7971
5410 5065 5046 5405 5724 5791 5872 6042 6113 6086 6025 6137 6209 6082 6034 5995 5793 5917 5888 5703 5675 6097 5873 5891 6134 6368 6458 6478 6490 6489 6497 6508 6511 6514 6516 6491 6415 6326 6200 6348 6445 6463 6554 6506 6668 6775 6836 6878 6951 6978 7011 7083 7169 7264 7329 7397 7432 7506 7596 7658 7524 7479 7419 7463 7560 7430 7599 7610 7678 7866 7916 7947 7939
5153 5241 4967 4737 4795 5110 5303 5739 5751 5933 6044 6111 6143 6189 6044 6116 5916 6163 6151 5914 6045 6210 5934 5592 5968 6244 6380 6380 6385 6400 6428 6401 6426 6425 6457 6461 6321 6238 6091 6030 5976 5967 6051 6224 6392 6364 6533 6572 6694 6736 6812 6954 7112 7158 7227 7300 7381 7489 7602 7638 7606 7446 7555 7531 7637 7644 7522 7527 7526 7754 7866 7890 7910
4458 4466 4463 4390 4432 4496 4666 4964 5621 5843 5859 6003 6004 6034 6055 6111 6090 5980 6051 6147 6187 6104 5972 5667 5744 6070 6272 6232 6272 6299 6314 6346 6345 6307 6337 6357 6289 6178 6049 5964 6007 6007 6033 6108 6139 6173 6302 6412 6443 6546 6638 6811 7018 7089 7129 7215 7301 7393 7481 7566 7593 7578 7609 7658 7698 7702 7625 7429 7560 7676 7752 7812 7842
4175 4163 4153 4128 4154 4173 4318 4909 5143 5136 5325 5680 5912 5983 5942 5952 5904 5820 5434 5792 5870 6106 6111 5971 5763 5899 6149 6143 6021 5959 6140 6231 6279 6230 6271 6213 6120 5976 6067 5949 5956 5981 5923 5967 5965 5976 6113 6300 6355 6511 6653 6754 6910 6962 7061 7150 7245 7323 7413 7511 7562 7604 7598 7622 7670 7712 7711 7631 7613 7627 7466 7672 7767
4032 4055 3958 3888 3876 3871 3860 3969 4565 4511 4522 4580 4875 5371 5252 5538 5598 5334 5348 5689 5670 5962 5970 6008 6018 5996 5955 5939 5664 5581 5544 5639 5829 6040 6124 6236 6199 6140 6205 6142 6140 6125 6033 5839 5799 5824 5945 6153 6311 6506 6630 6692 6817 6900 7000 7119 7234 7303 7380 7450 7516 7581 7575 7616 7641 7681 7678 7723 7732 7728 7635 7562 7653
4124 4173 4161 3944 3842 3724 3735 3883 3726 3928 4175 4170 4157 4192 4211 4328 4439 4506 4646 5049 5092 5281 5325 5281 5251 5244 5227 5190 5294 5311 5296 5322 5384 5525 5766 5995 6113 6154 6200 6103 5860 5705 5776 5800 5893 5881 5963 6116 6301 6444 6583 6679 6755 6864 6973 7101 7197 7279 7308 7382 7435 7497 7539 7572 7592 7638 7666 7689 7719 7719 7734 7729 7674
3982 4227 4116 4005 3683 3715 3531 3535 3577 3693 3825 3923 3959 4006 4016 4081 4173 4235 4321 4482 4603 4715 4831 4844 4818 4840 4883 4955 5033 5095 5132 5177 5260 5346 5434 5598 5823 6035 6159 6127 5908 5766 5487 5475 5730 5940 6147 6236 6372 6534 6685 6709 6759 6808 6808 6927 6990 7001 7026 7176 7125 7224 7404 7374 7497 7572 7616 7636 7652 7669 7663 7669 7665
3770 3434 3315 3044 2960 2985 3100 3249 3410 3519 3649 3756 3827 3834 3916 3965 4027 4132 4274 4346 4398 4475 4541 4607 4637 4666 4728 4784 4872 4956 5011 5099 5197 5264 5377 5520 5721 5870 5982 6100 5974 5859 5826 5839 6002 6196 6286 6388 6535 6653 6727 6702 6662 6597 6625 6669 6859 6861 6858 6846 6748 6944 7231 7162 7233 7470 7447 7570 7581 7540 7489 7537 7547
2666 -3.4e+38 2712 2680 2788 2930 3071 3174 3290 3404 3488 3590 3684 3756 3934 3899 3950 4062 4113 4229 4405 4311 4381 4467 4493 4566 4629 4730 4857 4875 4931 5065 5235 5375 5373 5559 5633 5741 5863 6046 6075 6082 6047 6019 6071 6167 6354 6452 6545 6661 6752 6669 6746 6629 6519 6541 6569 6673 6814 6818 6816 6868 7052 7079 7170 7313 7339 7439 7484 7517 7489 7574 7525
-3.4e+38 -3.4e+38 -3.4e+38 2636 2759 2920 3055 3167 3239 3347 3432 3524 3591 3656 3878 3942 4024 4000 4104 4249 4355 4266 4267 4323 4404 4480 4561 4638 4749 4785 4874 5149 5409 5476 5526 5507 5591 5647 5735 5858 5962 6034 6070 6130 6145 6202 6292 6421 6579 6732 6828 6832 6839 6813 6772 6649 6612 6617 6708 6735 6799 6863 6990 7112 7256 7329 7336 7322 7424 7513 7574 7580 7606
-3.4e+38 -3.4e+38 -3.4e+38 -3.4e+38 2840 2953 3034 3171 3224 3325 3378 3473 3536 3583 3651 3742 3807 3916 4010 4214 4348 4361 4284 4265 4319 4439 4569 4640 4708 4781 4952 5103 5221 5284 5392 5446 5513 5611 5654 5686 5768 5869 5955 6047 6148 6275 6372 6470 6597 6739 6822 6915 6952 6964 6921 6934 6729 6746 6619 6649 6890 6936 7002 7144 7338 7403 7448 7417 7452 7514 7539 7549 7558
