data/Layers_WA/bio5.asc
NCOLS 376 
NROWS 439 
XLLCORNER -124.708333333333 
YLLCORNER 28 
CELLSIZE 0.0416666666666649 
NODATA_value -3.4e+38 
[rows 34 to 67 of 439, columns 77 to 153 of 376]
270 275 277 282 292 298 301 315 314 312 322 304 290 290 298 301 301 295 288 281 272 273 290 302 312 315 313 303 295 276 271 268 277 266 281 282 289 294 291 295 306 300 303 285 271 271 272 285 288 294 303 286 281 282 294 291 284 286 289 289 272 263 263 248 239 244 245 228 227 249 255 255 248 244 239 221 207
269 273 279 283 294 307 312 306 312 317 317 309 299 312 306 296 295 287 276 276 274 287 302 309 309 297 315 308 294 281 292 292 283 272 287 301 306 304 305 304 306 308 312 299 295 295 303 313 313 313 310 292 290 281 285 288 285 283 277 282 288 282 283 268 241 227 225 236 230 235 238 240 251 255 254 238 226
265 269 281 291 302 315 319 308 302 307 316 309 314 311 293 290 285 294 291 278 274 278 286 297 301 305 317 301 299 297 308 311 284 295 303 301 294 281 286 278 289 283 281 306 310 302 308 303 288 296 311 287 277 274 277 276 283 282 277 266 265 287 287 284 269 258 236 218 218 222 226 238 247 248 250 247 244
265 269 281 292 303 310 316 299 299 306 306 306 312 305 292 279 274 291 287 274 264 271 286 292 297 302 302 307 315 313 299 306 311 301 290 286 275 272 268 274 275 267 278 280 311 274 284 290 280 301 296 284 277 268 269 269 277 284 280 265 261 270 259 277 277 263 242 231 215 208 212 223 236 240 248 251 253
268 280 288 290 298 308 311 298 298 302 301 298 299 297 288 279 268 273 285 280 266 260 275 277 292 280 282 284 303 311 281 283 284 279 285 283 260 259 259 268 259 258 261 283 314 270 250 259 269 296 291 256 256 259 258 250 257 265 264 272 261 261 248 263 285 285 275 267 250 239 224 234 245 253 261 267 273
273 275 282 291 299 309 298 297 299 300 299 292 286 287 277 275 258 258 272 286 276 267 263 267 277 275 272 288 304 308 305 288 275 279 271 267 250 258 265 268 255 253 254 282 313 282 247 247 246 274 291 266 262 267 272 272 269 259 241 248 251 255 254 272 272 266 262 279 280 269 263 260 257 258 258 258 269
283 290 289 291 296 297 287 294 297 299 293 285 272 283 281 273 263 255 267 275 274 257 254 248 255 257 277 295 290 291 299 299 288 276 262 253 264 270 275 274 264 264 274 284 311 304 271 251 247 252 277 281 265 271 271 273 268 252 243 241 242 246 246 262 253 252 244 245 256 263 275 276 274 270 261 253 252
272 286 285 289 292 303 291 292 292 293 291 282 277 278 274 260 247 255 260 270 271 271 258 248 259 271 282 278 283 284 291 291 289 280 269 264 266 270 273 276 275 275 272 284 313 289 275 271 270 255 256 252 251 261 263 261 257 259 267 258 257 252 251 256 249 247 251 249 236 241 260 267 270 270 270 262 267
270 277 282 288 293 296 292 291 291 287 286 282 276 273 265 256 251 248 242 251 248 247 241 237 255 258 259 262 276 267 268 270 276 270 264 269 274 277 279 274 275 289 299 305 309 305 297 291 289 281 273 268 264 274 260 257 245 254 280 288 280 272 260 256 258 272 273 275 270 262 250 252 257 260 256 256 272
251 274 284 290 292 290 286 285 284 282 286 285 277 273 268 255 262 259 261 263 249 249 247 249 241 250 257 249 253 241 230 239 251 255 246 258 260 257 265 276 288 288 291 296 304 310 315 314 310 306 300 296 289 293 290 288 278 276 283 297 282 276 284 283 284 288 292 292 287 275 252 241 242 243 242 241 258
274 284 289 293 294 292 293 290 283 273 278 285 265 259 272 271 281 276 267 253 256 266 257 253 261 259 251 250 241 240 232 235 242 241 233 237 239 239 235 253 276 261 269 272 290 285 300 309 300 304 308 312 311 312 311 309 307 305 308 308 305 302 303 305 306 304 301 298 296 289 269 263 247 233 244 250 262
278 285 288 290 294 294 295 295 287 273 289 286 285 290 291 283 287 275 269 269 275 259 256 268 267 268 260 241 247 261 263 261 256 251 249 248 248 246 242 243 250 231 237 255 267 257 298 299 264 260 277 289 295 293 306 308 311 312 310 308 306 307 297 296 291 293 292 288 285 287 282 257 238 230 239 262 271
281 284 285 292 296 295 296 296 296 294 295 295 293 299 299 297 292 286 281 280 281 274 280 279 277 264 247 243 252 264 267 268 267 261 260 259 255 254 250 243 247 242 237 252 264 278 300 282 256 245 242 244 275 245 248 265 277 288 292 284 278 275 237 245 245 246 262 259 265 269 271 253 239 238 226 233 242
283 285 287 289 290 295 295 294 294 295 296 296 293 292 296 300 298 297 287 289 288 285 274 268 273 263 245 223 235 253 263 262 264 266 270 264 256 257 258 254 262 252 243 249 260 273 294 301 299 289 270 257 248 256 248 252 243 250 264 261 266 278 244 231 221 224 218 220 220 225 256 229 217 237 245 234 224
283 286 286 286 283 291 293 293 294 294 295 295 294 289 291 297 294 287 279 274 280 277 273 266 261 255 250 252 249 254 260 259 265 274 275 275 275 276 276 277 279 272 268 269 272 281 295 292 292 287 281 275 270 272 263 259 256 257 258 257 270 280 265 255 240 237 223 211 217 219 231 233 215 234 259 248 245
281 284 283 283 284 288 290 292 293 294 293 291 284 286 290 291 280 273 268 261 273 267 264 273 267 272 268 255 253 248 254 261 273 278 280 286 288 290 289 291 288 284 284 281 278 274 278 292 273 272 270 262 265 256 255 260 267 268 268 265 260 260 271 270 263 250 245 243 248 246 229 249 227 239 261 254 257
276 279 282 282 285 285 288 289 290 292 292 280 262 278 290 293 284 280 276 274 286 284 284 285 284 283 281 278 275 269 272 279 280 284 290 294 296 296 296 295 295 291 290 282 268 269 271 285 276 271 266 263 256 241 255 256 264 268 270 269 268 267 263 263 262 261 254 255 264 262 254 249 242 242 264 261 258
268 275 277 281 284 284 285 287 288 290 291 286 282 287 288 288 289 279 289 293 289 277 284 283 294 292 291 289 294 288 287 286 293 294 293 295 296 298 299 297 293 291 285 264 261 262 267 277 275 261 257 255 251 254 250 252 260 265 267 269 270 268 265 265 261 255 254 254 263 267 259 247 257 260 268 276 276
258 269 273 277 278 280 282 285 288 289 289 291 290 290 288 287 286 289 291 289 280 271 270 273 285 276 284 285 287 288 291 295 297 298 297 295 295 293 292 293 292 284 280 276 272 259 267 274 282 274 268 273 270 266 247 248 245 249 259 265 265 261 262 255 249 249 256 252 251 265 257 247 249 259 263 270 278
249 261 268 271 274 276 278 282 285 287 289 290 291 291 289 286 283 281 289 284 269 255 261 267 267 250 260 257 259 262 268 279 290 287 292 291 279 280 287 290 293 286 278 273 271 270 264 273 270 281 280 280 272 263 248 245 250 252 254 259 269 269 263 254 241 245 262 263 254 256 266 256 249 250 257 268 283
248 258 267 271 273 274 276 279 282 286 288 288 290 289 289 283 277 266 282 289 275 269 257 254 258 253 255 257 262 267 258 273 286 283 280 287 280 277 280 285 284 275 268 265 268 262 254 259 260 266 272 280 277 267 253 244 249 254 255 265 270 275 270 259 252 261 272 277 269 259 264 267 260 260 259 268 285
249 261 268 269 269 270 273 274 277 282 283 287 289 286 273 258 263 269 286 287 281 272 267 269 271 267 262 270 277 279 278 290 284 276 279 282 279 277 278 277 277 273 267 263 262 262 256 241 241 255 268 270 270 263 253 243 244 250 250 254 271 276 270 259 265 271 278 290 284 277 274 278 271 260 256 266 288
252 264 265 264 263 264 264 267 270 272 273 281 277 276 271 257 264 274 274 274 286 285 282 276 268 268 272 268 277 283 285 276 281 287 285 284 281 281 281 279 276 272 270 261 254 252 246 241 243 247 256 258 255 264 255 259 248 253 257 254 266 276 264 254 246 260 264 276 295 293 290 282 279 272 274 284 295
260 267 264 260 257 254 253 258 266 269 266 273 274 272 271 273 273 272 275 274 272 272 274 271 273 274 270 270 273 276 281 272 277 288 289 289 283 282 281 277 273 269 265 262 259 252 248 253 255 255 254 257 260 263 265 268 258 262 264 269 264 269 261 255 252 252 260 272 286 299 299 296 279 279 294 306 307
266 268 263 257 249 244 243 247 257 263 270 273 276 274 271 275 277 278 278 278 278 278 277 277 277 277 277 275 274 275 277 277 279 285 291 286 281 280 277 276 270 264 262 265 262 260 257 256 259 263 262 264 266 270 277 278 274 266 268 263 262 268 264 253 256 265 256 267 293 302 300 301 304 304 290 304 312
269 269 264 257 247 235 233 239 247 256 263 269 262 247 250 259 272 277 278 278 278 276 277 277 276 277 277 276 271 264 266 276 280 289 292 291 285 279 273 272 265 265 264 268 269 266 265 262 265 270 270 273 274 273 279 279 270 265 264 262 260 260 252 246 253 260 266 270 283 295 292 293 301 307 306 311 306
271 270 266 258 244 219 214 221 238 248 258 264 265 255 265 267 269 270 270 272 273 276 277 277 280 281 281 281 269 257 265 276 282 291 293 293 291 280 272 269 264 266 268 272 273 272 273 269 267 265 266 272 276 272 272 276 270 266 269 265 260 254 248 251 256 259 256 269 275 287 292 290 306 309 305 308 313
271 271 265 254 236 221 216 216 227 244 255 261 266 267 267 267 268 271 272 273 273 276 278 278 279 281 284 285 283 273 267 270 281 291 294 294 293 287 276 266 265 270 273 276 278 280 275 272 268 263 257 266 271 268 267 275 268 269 271 272 267 263 256 258 266 269 267 269 279 281 287 287 307 307 299 307 311
273 272 266 256 240 218 213 217 232 246 255 254 263 265 264 265 267 271 273 273 274 274 277 278 277 279 282 284 287 287 284 283 279 291 294 294 293 292 283 272 269 275 278 279 279 274 257 267 270 267 262 261 268 267 266 273 279 278 277 278 277 274 276 272 276 276 279 276 280 278 281 282 299 306 304 306 297
274 272 266 260 252 243 235 233 242 251 258 261 262 265 257 262 265 268 272 274 273 273 274 272 275 276 278 283 286 288 288 288 289 290 293 294 291 291 286 279 274 276 279 282 284 269 270 279 276 274 270 266 266 270 271 271 276 284 284 284 286 285 287 286 285 284 287 287 289 283 281 281 293 302 292 298 306
275 271 266 263 258 252 248 247 252 258 264 267 263 261 258 259 262 266 271 274 273 273 272 272 271 272 274 276 283 288 289 289 288 288 288 290 289 288 283 279 278 280 286 289 289 288 288 289 284 279 275 269 269 268 275 275 274 283 288 289 289 290 290 289 290 291 291 292 293 289 286 281 284 287 273 281 297
276 273 269 265 258 257 250 257 259 266 269 272 273 272 267 265 262 270 275 278 277 275 273 274 273 273 275 276 277 282 287 288 288 279 267 282 284 286 285 283 282 286 289 290 290 290 291 291 289 287 285 280 278 277 275 278 274 281 289 289 289 289 289 289 290 291 292 292 293 294 290 271 273 271 268 274 294
277 274 270 265 267 265 263 265 265 273 275 277 278 277 274 270 272 276 280 282 283 281 279 280 279 278 276 278 280 280 282 287 287 285 278 280 276 278 284 286 288 286 284 281 284 287 290 291 292 291 287 284 283 284 286 288 287 286 290 290 289 289 289 290 290 291 292 293 294 294 288 268 267 270 271 279 292
276 274 272 271 270 271 270 271 274 277 280 282 281 281 278 277 277 275 278 285 287 287 287 286 283 281 281 283 283 285 286 286 288 289 289 288 283 279 284 286 288 285 281 285 287 287 289 291 293 294 291 288 285 283 284 286 286 287 290 290 290 290 290 290 291 291 292 293 294 295 286 271 270 272 278 290 302
