data/Layers_WA/bio5.asc
NCOLS 376 
NROWS 439 
XLLCORNER -124.708333333333 
YLLCORNER 28 
CELLSIZE 0.0416666666666649 
NODATA_value -3.4e+38 
[rows 170 to 203 of 439, columns 154 to 230 of 376]
343 334 306 296 299 307 317 314 305 292 300 305 289 284 294 303 305 299 275 255 259 277 305 304 292 267 228 243 296 318 323 325 324 310 282 270 268 287 296 299 291 272 274 260 274 278 295 293 267 256 272 282 283 297 303 304 304 302 297 293 294 299 296 286 299 287 265 272 263 253 268 285 293 296 295 288 287
338 326 314 317 309 309 318 315 307 303 303 296 293 296 299 302 298 281 258 240 258 281 303 296 276 252 229 263 312 324 326 325 321 303 259 255 271 288 294 297 294 287 278 251 259 269 285 279 246 250 269 283 291 297 302 302 298 295 291 295 299 302 297 297 305 298 280 277 270 260 269 275 286 291 295 296 295
333 318 310 317 316 320 319 312 309 309 312 308 298 300 300 296 285 257 256 265 280 300 298 282 256 235 260 318 326 327 326 323 315 286 253 254 262 273 289 295 292 287 278 260 250 255 276 269 239 257 274 284 292 297 298 290 280 283 285 293 301 302 303 307 307 297 282 279 252 253 263 264 278 286 293 298 302
320 319 313 316 311 323 325 322 320 320 323 322 297 298 299 294 273 247 265 288 296 298 289 267 254 254 310 326 328 327 324 319 307 290 253 234 242 269 288 294 290 285 275 261 243 248 260 263 247 264 277 286 291 295 294 281 265 268 284 291 305 308 306 308 306 301 289 280 261 260 269 265 280 286 293 292 304
320 324 330 317 311 326 331 331 320 318 332 325 289 290 298 293 278 247 271 291 294 290 279 258 235 279 321 328 328 328 324 314 300 277 247 236 243 278 290 290 286 279 270 252 251 267 260 267 259 262 277 286 290 294 295 282 263 267 283 300 308 312 307 306 311 306 290 274 259 266 272 277 289 293 294 300 306
345 346 347 323 324 329 331 336 330 324 337 302 276 288 298 298 284 271 278 290 288 280 261 229 243 299 326 328 329 328 324 306 281 271 253 247 269 287 291 286 282 271 258 242 264 281 273 275 260 260 279 283 289 293 293 286 280 269 279 298 308 315 310 307 315 310 297 279 244 257 268 280 291 300 300 303 307
351 351 350 340 339 332 335 340 342 340 333 291 269 286 301 302 293 273 278 289 281 268 240 222 259 312 324 327 328 326 317 299 281 259 252 256 280 291 291 283 276 268 248 258 275 285 284 279 258 269 275 271 286 292 292 289 289 285 285 290 308 317 314 310 319 312 299 277 230 260 274 285 292 299 303 305 311
351 350 349 348 343 337 341 344 345 334 320 295 287 296 305 305 289 261 272 281 269 247 220 240 258 311 322 327 327 323 314 297 280 266 263 273 288 292 289 279 262 249 252 275 284 288 285 274 269 277 266 256 280 291 289 287 295 294 289 286 306 317 320 321 323 315 299 273 228 247 265 279 292 300 301 300 312
350 350 350 350 346 345 346 346 344 317 286 282 295 302 308 305 292 273 269 275 259 235 205 233 248 280 324 327 327 321 304 280 259 250 270 287 291 292 288 260 237 235 249 282 287 290 281 257 269 279 254 273 279 293 294 295 299 299 294 283 303 310 318 326 326 320 305 271 244 257 284 281 293 298 300 306 316
344 344 349 348 347 345 343 344 336 310 281 270 294 304 310 306 292 275 265 263 264 254 222 226 216 250 322 327 326 316 291 242 200 231 271 289 292 290 278 247 213 236 262 283 290 291 279 254 273 286 279 282 280 293 293 298 302 301 296 283 295 294 309 326 329 328 319 306 299 293 292 286 290 290 302 306 318
328 322 340 345 344 343 338 332 322 313 299 286 295 307 311 303 285 254 261 266 249 244 240 215 227 254 319 325 322 311 284 240 196 220 257 284 290 287 263 244 216 236 268 287 293 288 277 261 283 294 292 279 279 286 297 302 304 300 287 275 284 294 314 327 331 331 329 321 314 307 280 285 294 302 313 318 320
308 303 325 334 327 337 335 327 326 318 317 309 304 312 312 301 281 256 260 264 245 255 254 247 265 273 314 323 317 306 288 262 228 239 249 270 288 289 267 240 219 235 273 291 294 284 269 265 277 291 299 280 278 291 301 305 304 295 269 281 298 300 315 331 333 332 330 327 318 307 294 288 305 315 320 321 321
298 294 297 300 323 332 332 331 328 326 323 316 312 317 312 301 284 264 274 274 249 250 274 266 264 289 318 321 312 291 266 234 244 256 257 277 287 288 263 249 233 256 278 294 295 278 256 248 263 291 303 293 284 297 305 306 302 290 273 286 304 316 326 333 334 334 332 328 310 311 302 294 309 319 322 322 322
288 284 279 283 310 316 325 329 324 320 317 314 312 319 316 308 298 287 289 284 273 270 280 287 270 294 320 317 306 287 255 236 245 254 274 285 287 286 268 258 251 266 283 297 291 273 245 249 247 296 309 298 288 302 308 304 300 285 289 301 315 325 331 335 335 335 334 326 294 295 303 293 306 318 322 323 323
322 314 316 304 302 295 294 318 321 310 304 303 308 316 320 315 304 299 297 280 281 285 294 300 290 296 322 315 297 278 262 270 276 274 280 287 286 281 265 257 273 274 286 297 279 272 274 269 261 308 313 307 307 310 309 293 290 289 288 307 325 332 336 337 336 336 335 317 286 284 295 296 306 309 319 324 325
342 341 339 324 298 283 277 302 315 305 285 284 298 310 320 323 318 317 309 306 294 301 294 300 313 318 319 310 292 269 267 280 291 285 280 285 282 271 254 281 290 283 279 294 288 278 291 298 310 317 316 311 312 312 311 302 293 295 298 320 334 337 337 337 337 337 330 279 275 284 286 288 295 315 319 325 325
339 342 347 347 317 291 271 288 307 304 286 277 290 306 309 317 326 327 325 322 313 315 316 318 323 322 313 298 283 275 277 289 298 291 283 279 268 253 266 290 300 296 291 296 288 289 311 318 319 320 313 297 310 312 313 306 298 300 316 329 336 338 338 337 338 337 326 282 272 268 287 293 305 320 324 326 327
299 315 333 349 340 313 298 290 298 307 306 300 300 304 311 312 318 330 332 331 326 325 328 328 327 318 301 284 266 284 293 300 300 292 279 280 262 275 286 299 304 291 287 281 272 275 313 323 323 320 313 304 310 312 313 307 307 303 321 334 337 338 338 338 337 336 326 296 265 272 285 305 314 321 325 327 328
278 286 309 344 348 335 322 304 285 298 314 319 319 314 317 323 319 322 334 336 336 334 333 330 324 317 304 289 292 297 304 305 290 274 269 271 265 262 287 304 307 292 290 278 275 283 313 324 325 322 315 300 309 311 312 312 311 313 332 337 338 338 337 338 338 333 315 292 279 268 286 311 319 323 326 328 328
313 311 317 335 348 332 302 292 264 272 311 326 329 323 314 323 327 326 331 337 337 336 333 325 317 314 311 305 305 309 309 306 289 267 255 262 255 258 291 306 309 304 296 271 276 286 311 322 326 325 308 298 309 311 313 312 317 327 336 338 338 338 337 337 335 316 288 273 277 288 305 317 323 326 328 328 329
315 309 311 325 346 337 279 260 260 270 313 331 331 322 306 318 328 327 327 337 339 338 332 321 304 293 296 310 313 313 312 308 297 279 265 250 249 266 288 308 309 307 296 270 269 280 311 324 327 328 323 310 299 305 312 304 310 334 337 337 337 338 337 335 323 291 253 251 282 299 311 320 325 328 328 329 329
273 269 290 333 349 350 321 281 287 299 318 331 331 325 306 319 328 326 329 340 341 340 336 324 296 264 285 307 315 315 314 310 304 291 286 280 275 288 291 311 310 311 302 273 273 284 309 326 329 329 328 317 292 310 318 312 320 334 337 337 337 337 335 330 314 283 235 251 291 306 317 322 322 329 330 329 326
279 277 323 346 352 352 341 321 312 304 319 326 328 325 322 325 330 326 335 342 342 342 340 330 311 280 293 305 311 317 314 307 298 287 291 292 297 304 304 315 311 315 305 289 285 297 313 327 330 330 329 322 308 305 315 324 327 333 336 336 337 337 331 320 309 276 236 274 303 316 322 320 324 329 330 327 318
315 303 326 329 333 337 340 332 325 313 310 321 325 320 317 316 327 337 342 343 343 343 341 332 316 296 298 300 309 318 311 298 286 278 289 297 292 307 311 316 315 317 310 297 289 308 321 327 329 330 330 320 306 308 322 331 333 335 335 335 333 326 296 286 286 264 267 296 315 324 324 309 319 327 330 329 322
303 284 320 314 306 325 335 338 341 333 317 309 309 310 297 299 326 342 344 344 344 343 341 332 320 303 301 311 318 319 306 293 280 292 288 304 298 302 313 315 318 318 314 306 293 306 325 327 328 325 324 326 325 332 334 334 333 331 330 327 314 294 263 265 269 269 293 310 322 326 322 323 324 326 326 328 329
323 305 307 314 312 318 331 340 349 340 318 295 295 300 282 312 338 345 345 345 344 342 339 332 321 305 296 314 323 322 313 304 295 295 306 307 295 298 312 317 320 318 314 308 296 300 321 325 325 317 305 318 328 333 333 334 331 324 319 300 273 272 247 274 286 289 308 319 326 327 317 327 329 318 313 319 328
314 289 290 305 328 341 349 351 351 342 310 289 302 312 312 329 345 346 345 341 336 338 336 329 322 310 303 318 325 326 324 319 310 305 312 315 301 301 310 319 320 316 311 299 285 295 315 323 318 302 297 309 326 333 334 333 325 310 306 287 263 244 264 286 291 306 318 323 327 325 318 330 331 325 311 305 316
302 284 258 282 320 345 351 351 351 348 331 323 326 330 337 345 347 343 328 318 320 330 333 328 320 308 310 321 327 328 328 327 321 309 316 319 305 302 312 320 319 314 303 294 286 287 313 319 311 295 295 309 325 334 334 333 324 308 294 276 257 261 289 302 308 317 323 325 328 324 329 332 333 329 322 310 290
297 295 292 307 329 344 350 351 351 348 342 341 342 343 345 347 343 326 289 272 306 320 328 328 321 312 310 322 328 329 330 330 329 324 324 323 319 317 321 321 316 306 287 259 262 293 311 316 311 299 286 302 324 336 336 334 323 302 284 283 266 281 296 305 314 319 323 326 328 327 326 332 333 330 323 311 288
278 296 308 304 297 322 340 345 337 318 335 341 345 347 347 344 335 321 311 295 307 315 328 332 326 311 309 322 330 331 331 331 330 320 323 326 325 323 324 319 307 296 282 261 258 291 307 312 308 299 284 296 323 336 337 333 321 300 282 294 296 304 306 310 314 321 324 325 322 321 332 333 333 330 321 309 287
255 281 304 319 322 321 333 344 340 313 327 336 343 345 344 336 322 306 293 298 322 318 333 339 335 328 321 325 331 332 332 332 331 321 323 328 326 325 324 316 304 289 267 266 255 279 298 307 306 302 291 288 317 333 335 331 317 292 294 308 316 319 319 309 291 318 323 318 309 312 333 334 333 329 319 309 310
240 273 305 328 334 319 325 341 347 326 303 320 334 339 341 337 328 320 308 316 331 338 343 342 340 333 324 328 332 332 332 331 331 329 328 328 327 326 324 318 311 300 294 290 276 270 289 301 305 306 298 279 306 330 332 328 313 300 311 321 326 327 324 309 277 314 319 310 292 309 333 334 333 330 312 306 319
235 273 300 325 337 339 341 345 343 325 286 285 308 321 335 345 346 347 344 339 336 344 343 341 338 336 330 327 331 332 332 331 329 328 328 327 327 327 326 322 316 311 307 301 294 276 279 297 304 309 303 279 301 327 329 322 309 315 321 328 331 331 330 318 288 312 313 301 285 317 333 334 334 331 315 313 326
224 254 302 325 338 342 346 344 323 315 303 274 273 278 321 349 358 360 360 348 331 339 333 332 332 332 329 322 323 329 325 326 322 316 317 322 325 327 326 324 320 316 313 309 303 291 272 286 302 309 312 304 314 325 326 322 313 314 324 331 334 334 335 330 295 308 300 301 304 321 329 331 329 330 332 321 334
