data/Layers_WA/bio5.asc
NCOLS 376 
NROWS 439 
XLLCORNER -124.708333333333 
YLLCORNER 28 
CELLSIZE 0.0416666666666649 
NODATA_value -3.4e+38 
[rows 238 to 271 of 439, columns 154 to 230 of 376]
207 213 213 198 216 274 355 362 363 359 349 342 339 332 329 328 331 351 382 405 413 415 404 378 335 299 303 330 324 322 361 415 446 454 454 441 403 402 399 382 377 366 376 384 402 403 403 400 397 393 379 378 370 373 376 361 339 299 279 291 261 240 253 268 282 291 315 334 357 371 378 384 387 385 378 373 374
183 212 218 214 210 294 357 360 357 343 317 313 329 334 323 322 324 353 372 375 406 414 412 392 349 319 331 325 299 334 362 409 438 451 454 450 417 363 385 367 377 388 392 396 403 404 403 396 389 390 385 378 366 379 384 376 360 327 296 302 271 241 236 228 260 271 305 336 351 361 372 382 389 391 392 392 391
203 199 216 201 195 286 351 357 348 330 292 277 300 316 317 316 334 352 352 337 387 407 413 407 379 356 347 328 283 278 324 395 435 450 453 453 437 361 371 371 366 385 393 399 403 405 404 395 370 375 390 379 384 387 386 380 367 349 330 313 282 244 211 249 267 296 317 331 340 342 370 384 390 392 394 396 397
223 215 232 220 208 288 336 352 343 327 289 267 279 273 297 317 337 351 336 315 370 402 411 410 402 378 331 308 272 269 326 387 429 446 451 452 440 354 355 369 363 374 382 391 400 404 401 395 377 369 389 386 386 388 386 382 371 357 332 320 305 269 238 231 258 291 309 307 312 336 363 384 391 393 395 397 398
211 218 233 236 224 238 313 347 348 334 317 282 274 261 278 307 324 344 333 302 369 399 410 416 412 403 360 302 248 279 346 384 427 446 450 451 443 379 349 346 360 366 365 382 392 400 402 402 384 362 377 391 388 388 386 384 380 373 354 341 323 298 299 270 287 282 292 311 325 349 369 382 388 393 396 397 399
219 222 225 228 233 238 307 344 345 320 316 302 297 283 285 304 315 336 323 278 342 393 412 419 422 422 381 302 256 264 331 375 421 441 449 450 446 417 368 328 343 360 355 366 384 389 394 406 395 371 369 383 390 389 387 385 384 380 369 359 344 338 320 305 295 304 304 343 355 365 372 381 387 393 396 397 400
226 228 222 234 251 226 291 347 348 321 324 325 323 322 309 302 308 316 307 271 330 384 408 419 423 423 385 326 279 267 329 377 414 434 446 449 449 430 363 331 334 359 359 365 375 363 388 405 400 379 383 356 378 388 388 386 384 381 375 368 362 355 338 317 319 317 299 340 356 350 375 384 389 393 396 398 399
223 239 246 262 246 228 291 348 362 353 340 334 348 348 324 312 303 300 305 284 314 380 402 414 421 423 402 341 291 264 326 365 402 430 444 448 448 435 384 360 346 367 377 383 376 370 386 406 397 373 395 382 357 378 388 388 386 381 378 374 371 366 357 343 339 327 315 327 362 358 372 381 387 391 394 397 398
223 238 254 275 271 253 260 334 363 364 357 344 358 357 340 323 316 303 306 310 327 367 400 411 419 422 390 326 300 287 316 352 387 423 441 447 447 408 346 356 355 364 378 387 387 380 386 406 408 388 399 395 365 348 384 389 388 384 380 378 376 370 363 355 347 334 321 319 356 365 372 379 384 389 393 395 394
253 270 282 281 271 267 252 302 359 364 351 337 370 381 364 344 332 306 301 314 329 364 389 406 419 422 392 325 302 326 353 368 381 409 430 440 445 443 408 373 366 376 368 377 388 395 397 401 411 404 396 398 376 343 375 386 388 387 384 381 378 373 368 361 352 319 298 307 340 358 369 373 382 386 390 391 387
232 257 277 281 248 248 250 278 330 363 347 348 384 391 387 379 365 322 304 311 328 348 384 390 411 422 406 338 334 363 372 389 396 409 423 435 442 444 440 415 406 405 401 389 378 391 405 403 415 414 404 402 388 357 376 383 383 385 385 381 380 377 373 366 355 336 305 302 337 351 364 364 370 377 384 385 380
245 249 280 271 250 247 267 284 330 371 374 376 384 391 390 385 376 339 317 310 338 367 389 396 389 416 416 360 341 359 356 378 377 395 410 425 434 436 441 441 432 420 408 396 377 380 405 412 416 417 413 406 397 379 387 383 376 379 382 381 382 380 379 367 354 344 318 333 347 336 352 359 368 374 373 371 372
245 269 283 283 258 263 277 300 335 372 383 384 387 388 390 392 386 363 352 338 336 374 399 403 390 380 416 398 375 362 366 378 377 399 417 420 414 403 423 435 441 439 416 396 383 374 402 414 415 416 414 406 384 383 391 383 372 366 368 367 378 384 385 381 372 358 335 345 356 343 351 366 374 370 369 370 363
250 263 302 281 295 295 278 303 321 371 387 390 392 393 394 395 393 380 370 351 357 388 406 408 395 363 394 413 382 372 384 395 401 411 410 402 380 384 399 418 435 442 436 417 408 386 402 404 404 415 412 403 394 393 390 375 343 349 354 361 369 384 386 387 384 371 354 341 358 367 370 375 380 378 375 367 365
254 279 325 310 327 313 281 312 338 373 388 391 393 394 394 395 395 391 377 370 380 399 408 409 405 387 364 402 397 398 400 406 409 403 392 393 380 389 406 408 423 438 440 433 426 420 414 412 411 415 414 399 389 393 383 349 324 331 351 365 374 380 386 388 388 383 369 346 354 374 379 376 379 379 368 370 383
299 312 348 353 349 330 290 288 339 370 389 392 393 393 394 395 395 394 387 388 387 405 408 408 409 396 353 388 407 400 400 401 397 375 387 397 396 403 411 405 413 432 438 438 435 430 417 424 424 424 419 409 400 397 387 358 323 312 344 364 365 363 373 385 388 388 375 346 357 377 383 378 372 373 365 366 383
359 356 354 321 287 313 301 293 329 361 387 391 391 392 393 394 392 395 395 396 399 405 407 408 408 403 377 378 404 391 364 381 385 379 390 393 399 405 398 392 409 431 436 437 437 435 432 433 430 428 424 419 413 405 394 385 359 360 365 368 363 356 354 367 386 387 384 362 351 380 385 378 365 360 348 348 369
360 340 324 289 271 282 297 322 320 361 385 389 390 390 392 393 391 394 398 398 397 402 407 407 407 388 355 359 390 402 386 367 364 356 371 383 387 390 395 401 415 425 428 428 432 435 434 434 430 430 427 423 414 412 404 398 389 385 382 374 372 368 360 347 370 374 371 360 363 381 385 377 350 344 323 336 356
336 349 313 279 277 292 312 326 352 370 381 386 387 388 390 391 388 384 388 390 395 401 404 404 399 360 354 372 393 400 393 382 370 362 366 367 385 395 405 403 401 405 410 412 413 419 420 423 426 430 428 424 420 414 406 399 387 377 378 374 374 374 367 359 349 340 350 369 382 385 380 369 340 335 307 318 343
328 341 326 301 297 319 344 356 365 373 378 381 383 383 381 379 376 376 378 391 398 400 398 395 397 390 387 393 400 402 400 395 389 377 375 379 388 399 402 402 396 386 382 386 383 368 377 392 412 424 429 426 420 411 403 394 383 369 372 367 370 373 368 350 330 322 355 374 383 385 381 370 352 340 309 320 337
293 323 323 298 318 335 356 364 370 374 363 367 371 378 372 373 377 385 390 395 396 395 393 392 394 396 397 395 395 391 390 392 376 354 361 365 369 372 386 384 373 363 365 362 354 340 335 336 383 415 427 428 415 401 389 385 376 367 365 367 370 371 365 341 302 312 349 369 381 386 385 379 363 351 324 326 338
282 306 312 299 320 342 356 363 368 363 338 360 367 368 358 371 374 373 381 388 390 386 388 391 390 386 380 390 387 376 380 383 380 371 367 374 380 371 364 364 367 366 366 374 366 363 352 341 366 407 424 426 420 410 392 377 364 358 354 359 366 367 363 352 340 332 336 355 373 383 385 382 374 363 345 333 331
274 310 298 302 318 340 354 361 365 361 351 346 375 374 374 376 375 361 356 374 380 385 387 380 378 374 365 364 367 362 375 377 379 375 376 378 381 380 380 373 352 360 370 375 377 380 377 378 389 409 425 426 418 408 396 380 360 362 356 352 359 362 362 358 350 325 325 333 357 381 385 382 375 364 349 333 333
278 322 315 312 327 343 360 370 370 366 373 385 389 386 381 374 372 367 371 376 366 382 380 373 367 352 361 369 361 350 363 368 376 380 373 373 376 378 382 380 376 380 380 385 384 386 392 394 405 417 425 423 420 409 393 378 374 377 365 354 354 358 357 355 350 339 325 333 363 378 381 378 371 356 343 331 338
299 326 322 321 344 353 365 377 380 388 390 390 386 379 360 359 359 365 383 384 381 380 370 360 367 354 359 373 376 374 372 368 373 381 377 361 360 375 382 388 392 395 398 398 398 399 401 400 406 421 425 423 424 420 409 398 394 385 373 362 348 352 351 349 345 336 324 347 367 375 374 368 358 339 329 331 341
299 321 331 344 359 360 375 383 387 389 388 382 372 357 357 367 372 378 384 386 386 381 369 360 363 361 357 374 379 379 378 375 376 379 368 374 375 382 385 392 395 387 387 396 400 400 405 405 408 408 416 417 423 422 417 410 404 395 381 363 348 350 347 341 331 327 331 354 364 367 363 355 344 334 335 337 336
305 311 333 333 337 355 380 383 385 382 374 370 363 365 370 373 376 377 382 385 384 381 374 364 366 367 360 376 380 380 381 380 378 372 369 367 381 384 391 395 390 376 399 409 411 407 407 405 402 390 390 405 420 423 420 415 409 402 389 373 358 354 349 337 324 326 339 352 353 345 328 310 322 334 340 344 344
293 295 313 333 348 371 378 380 381 377 373 372 371 374 376 377 377 376 375 381 381 377 373 369 371 374 375 378 380 380 380 377 375 372 361 363 373 381 391 397 397 399 409 413 414 413 401 399 394 389 404 408 421 423 421 417 412 405 394 378 366 357 345 340 338 340 347 348 337 322 316 311 325 338 344 348 351
298 290 308 336 359 372 375 378 379 378 376 375 375 376 377 378 378 379 378 371 370 381 378 374 374 377 374 373 377 373 377 371 366 375 374 372 382 381 387 398 399 402 406 410 411 417 417 405 390 394 413 416 422 424 421 419 414 402 393 382 372 360 347 349 355 359 360 350 331 317 322 327 332 340 347 352 355
288 301 331 355 365 370 373 376 377 377 376 376 377 378 378 377 377 378 380 379 378 382 387 384 381 367 373 379 377 371 372 370 368 381 385 389 397 393 391 392 390 393 398 404 411 417 420 420 413 408 415 413 419 424 423 420 415 397 384 379 370 363 362 368 375 374 365 349 326 324 327 332 338 343 349 354 358
311 333 349 358 364 368 371 374 376 376 376 378 378 379 378 374 375 378 380 382 384 388 390 390 390 386 382 385 381 370 366 365 366 387 398 403 406 404 401 389 385 387 391 401 406 407 414 415 420 417 414 422 423 424 423 420 417 408 381 381 361 357 373 384 386 379 365 339 321 326 327 338 345 349 353 356 357
328 345 356 361 365 368 370 371 373 376 376 378 378 379 378 376 376 378 380 382 385 388 391 392 392 393 391 389 381 369 357 359 367 387 397 403 406 407 406 401 396 398 398 401 408 409 406 407 419 420 421 422 423 423 422 421 416 412 402 383 378 371 382 392 390 377 357 335 332 338 338 350 351 344 355 360 360
340 350 358 362 365 367 367 369 372 374 377 377 378 378 379 378 378 379 380 382 383 386 389 391 391 392 392 389 386 379 375 377 380 377 379 389 403 406 406 406 404 403 405 409 409 407 409 411 416 419 421 420 422 420 416 415 417 415 409 398 393 393 397 398 388 372 346 339 334 350 357 359 357 359 361 368 372
345 351 353 362 365 367 368 370 370 373 375 377 377 378 376 376 376 377 378 380 382 384 386 388 389 388 390 390 388 382 380 385 388 381 372 382 399 403 405 406 407 408 408 408 398 393 402 408 411 416 419 417 414 408 408 402 409 415 413 409 405 404 402 397 383 351 332 361 353 365 367 370 371 371 371 374 378
