data/Layers_WA/bio6.asc
NCOLS 376 
NROWS 439 
XLLCORNER -124.708333333333 
YLLCORNER 28 
CELLSIZE 0.0416666666666667 
NODATA_value -3.4e+38 
[rows 140 to 174 of 439, columns 78 to 155 of 376]
-77 -73 -74 -81 -82 -83 -83 -82 -83 -81 -82 -83 -83 -83 -84 -88 -85 -81 -77 -73 -70 -80 -77 -71 -68 -79 -90 -81 -73 -73 -73 -81 -81 -81 -82 -83 -89 -73 -61 -58 -58 -58 -58 -63 -79 -93 -79 -67 -63 -68 -76 -79 -94 -87 -77 -76 -75 -76 -76 -78 -76 -79 -85 -90 -83 -80 -80 -82 -86 -92 -93 -91 -86 -84 -82 -81 -82 -94
-71 -72 -72 -73 -75 -78 -78 -79 -80 -81 -80 -81 -84 -84 -83 -78 -78 -78 -75 -66 -65 -65 -64 -64 -64 -70 -73 -67 -67 -72 -81 -90 -94 -90 -84 -79 -86 -78 -63 -57 -57 -57 -59 -80 -95 -95 -78 -66 -63 -68 -79 -77 -99 -84 -76 -75 -75 -76 -81 -82 -79 -75 -82 -81 -78 -80 -82 -86 -92 -101 -98 -91 -87 -85 -81 -81 -83 -95
-67 -69 -70 -71 -72 -73 -75 -76 -76 -78 -77 -78 -78 -81 -84 -80 -81 -81 -77 -70 -68 -66 -66 -66 -66 -62 -62 -62 -61 -62 -69 -92 -97 -92 -83 -76 -83 -68 -65 -57 -56 -57 -59 -75 -89 -88 -75 -64 -63 -68 -71 -73 -90 -78 -75 -75 -75 -79 -85 -79 -74 -73 -80 -78 -79 -82 -85 -89 -95 -101 -96 -90 -85 -83 -80 -80 -81 -92
-65 -67 -70 -70 -71 -71 -72 -73 -73 -74 -75 -76 -76 -82 -89 -86 -87 -90 -94 -91 -82 -68 -65 -65 -63 -61 -61 -61 -60 -60 -63 -75 -78 -76 -73 -74 -78 -64 -65 -58 -55 -56 -61 -62 -72 -79 -78 -66 -68 -78 -65 -65 -77 -75 -75 -76 -77 -80 -78 -71 -71 -72 -75 -78 -83 -87 -89 -90 -94 -97 -91 -85 -81 -79 -79 -81 -84 -90
-62 -65 -67 -68 -69 -69 -69 -70 -69 -74 -75 -74 -73 -76 -84 -88 -81 -84 -91 -93 -93 -91 -77 -64 -60 -60 -60 -60 -60 -59 -59 -58 -59 -60 -62 -66 -70 -72 -67 -63 -57 -57 -61 -60 -61 -64 -75 -83 -81 -78 -61 -62 -69 -76 -79 -80 -84 -94 -81 -70 -71 -72 -74 -80 -89 -92 -91 -89 -88 -87 -83 -79 -77 -78 -81 -86 -92 -90
-64 -69 -70 -66 -67 -67 -67 -66 -65 -70 -79 -81 -77 -74 -77 -80 -74 -79 -83 -84 -88 -91 -91 -81 -64 -59 -59 -59 -58 -59 -58 -57 -57 -57 -57 -56 -57 -65 -64 -58 -65 -73 -67 -62 -55 -56 -67 -90 -89 -73 -60 -62 -73 -80 -88 -88 -92 -98 -80 -71 -72 -73 -76 -81 -91 -101 -92 -86 -84 -81 -78 -77 -77 -78 -83 -89 -91 -88
-66 -69 -67 -64 -65 -65 -65 -67 -64 -65 -64 -63 -67 -77 -70 -69 -71 -88 -87 -82 -78 -84 -90 -92 -85 -64 -59 -58 -58 -58 -57 -57 -56 -56 -56 -55 -55 -57 -57 -57 -60 -60 -55 -53 -54 -55 -60 -89 -97 -71 -60 -61 -73 -89 -93 -93 -93 -86 -75 -72 -72 -74 -77 -81 -87 -96 -92 -87 -83 -79 -77 -76 -76 -81 -91 -93 -88 -83
-65 -68 -66 -63 -59 -62 -60 -64 -64 -70 -68 -61 -54 -55 -63 -56 -71 -89 -84 -80 -81 -83 -86 -89 -91 -88 -76 -69 -59 -57 -57 -57 -57 -56 -55 -54 -54 -54 -54 -63 -67 -53 -52 -52 -53 -53 -56 -84 -90 -70 -59 -63 -80 -92 -88 -91 -90 -83 -75 -73 -73 -74 -78 -83 -91 -95 -86 -83 -83 -81 -78 -77 -77 -79 -87 -88 -81 -80
-61 -66 -66 -63 -60 -55 -61 -55 -56 -65 -68 -64 -61 -51 -53 -55 -68 -79 -84 -73 -85 -83 -84 -86 -89 -88 -90 -94 -91 -71 -59 -58 -59 -60 -54 -53 -53 -52 -60 -73 -82 -59 -51 -51 -52 -53 -54 -83 -93 -74 -59 -63 -83 -89 -86 -89 -93 -86 -77 -75 -74 -76 -79 -84 -93 -95 -84 -81 -81 -81 -80 -78 -77 -78 -89 -86 -78 -78
-61 -65 -64 -64 -54 -48 -47 -55 -64 -60 -58 -56 -60 -67 -60 -61 -62 -61 -59 -70 -81 -82 -85 -88 -91 -92 -92 -93 -93 -96 -80 -58 -59 -74 -78 -67 -67 -73 -87 -94 -95 -78 -53 -50 -51 -52 -54 -63 -85 -67 -59 -62 -80 -93 -85 -86 -92 -87 -80 -77 -76 -76 -79 -84 -91 -87 -82 -80 -81 -81 -81 -79 -79 -86 -89 -80 -76 -76
-60 -62 -59 -52 -40 -30 -42 -48 -44 -46 -49 -48 -55 -68 -70 -78 -67 -62 -75 -80 -82 -83 -85 -85 -87 -91 -96 -98 -97 -94 -93 -79 -60 -66 -92 -98 -83 -82 -93 -100 -102 -100 -77 -54 -50 -51 -53 -65 -84 -65 -59 -63 -82 -91 -85 -84 -90 -87 -81 -78 -77 -77 -79 -85 -90 -87 -81 -79 -80 -81 -80 -80 -83 -83 -80 -76 -75 -75
-55 -55 -58 -52 -30 -57 -57 -59 -56 -53 -52 -50 -49 -52 -59 -74 -84 -77 -82 -91 -90 -82 -83 -84 -86 -87 -92 -97 -98 -94 -96 -94 -74 -57 -63 -73 -71 -72 -82 -86 -96 -106 -95 -67 -49 -51 -53 -68 -79 -69 -60 -62 -75 -84 -84 -83 -83 -82 -80 -79 -80 -80 -81 -84 -83 -82 -79 -79 -79 -80 -82 -82 -79 -77 -75 -75 -74 -74
-44 -44 -42 -24 -39 -61 -62 -65 -52 -46 -48 -51 -49 -49 -51 -56 -66 -79 -81 -81 -83 -84 -84 -86 -86 -88 -93 -95 -100 -93 -93 -100 -95 -78 -66 -73 -71 -73 -92 -83 -75 -89 -92 -75 -57 -51 -53 -56 -62 -65 -62 -66 -75 -83 -86 -84 -82 -79 -80 -83 -85 -85 -81 -79 -78 -77 -77 -78 -80 -80 -79 -78 -77 -76 -75 -74 -74 -74
-38 -36 -19 -35 -44 -51 -51 -57 -52 -51 -49 -57 -62 -57 -51 -53 -52 -59 -73 -81 -83 -83 -84 -86 -90 -90 -92 -96 -94 -93 -91 -95 -99 -87 -68 -73 -73 -74 -80 -91 -83 -65 -74 -72 -61 -58 -56 -56 -58 -61 -65 -74 -79 -84 -81 -79 -81 -78 -79 -82 -83 -80 -76 -75 -75 -77 -79 -82 -78 -77 -77 -76 -76 -75 -74 -74 -73 -74
-23 -12 -26 -40 -48 -50 -52 -53 -48 -51 -53 -50 -53 -52 -49 -57 -56 -52 -56 -74 -83 -84 -85 -82 -84 -87 -85 -91 -92 -88 -91 -87 -87 -72 -76 -89 -73 -85 -77 -77 -84 -62 -57 -61 -73 -83 -76 -66 -59 -63 -66 -71 -76 -82 -82 -83 -84 -77 -77 -78 -78 -76 -74 -74 -75 -76 -76 -76 -76 -76 -76 -76 -75 -75 -74 -73 -73 -75
-2 -20 -37 -41 -41 -45 -49 -47 -44 -39 -40 -46 -55 -63 -59 -55 -69 -60 -57 -61 -77 -74 -73 -76 -80 -80 -79 -80 -80 -80 -81 -82 -83 -76 -81 -97 -89 -87 -84 -80 -80 -67 -60 -60 -75 -89 -94 -95 -79 -67 -67 -74 -76 -79 -91 -90 -86 -76 -75 -78 -81 -78 -74 -74 -73 -74 -74 -74 -75 -75 -75 -75 -74 -73 -73 -73 -73 -78
-10 -21 -17 -30 -31 -37 -32 -32 -40 -47 -46 -47 -52 -62 -66 -61 -68 -73 -59 -53 -56 -64 -72 -80 -87 -82 -79 -80 -81 -81 -85 -87 -89 -78 -86 -98 -94 -89 -90 -78 -81 -69 -68 -67 -65 -74 -88 -102 -92 -78 -73 -77 -78 -79 -92 -88 -84 -76 -75 -79 -81 -79 -77 -77 -73 -73 -73 -74 -74 -74 -73 -73 -73 -73 -73 -72 -73 -89
2 -3 -4 -15 -17 -22 -25 -35 -41 -43 -44 -42 -49 -50 -64 -61 -72 -72 -69 -67 -59 -55 -72 -79 -81 -82 -80 -81 -82 -83 -90 -98 -92 -84 -87 -95 -88 -84 -83 -82 -77 -77 -72 -80 -74 -74 -85 -97 -93 -83 -76 -75 -81 -82 -90 -87 -77 -74 -74 -76 -77 -77 -76 -75 -72 -72 -73 -72 -72 -72 -72 -72 -72 -72 -72 -72 -81 -99
6 5 -9 -17 -13 -25 -27 -31 -34 -34 -39 -39 -38 -46 -50 -56 -62 -68 -76 -75 -81 -78 -74 -79 -78 -79 -81 -83 -84 -86 -96 -99 -98 -93 -86 -84 -86 -78 -79 -78 -76 -73 -70 -79 -87 -79 -86 -96 -97 -84 -76 -76 -77 -82 -87 -79 -73 -76 -81 -79 -75 -72 -72 -71 -72 -72 -71 -72 -72 -72 -72 -72 -72 -71 -71 -74 -87 -96
8 2 -7 -7 -5 -21 -23 -25 -26 -27 -30 -32 -32 -38 -47 -44 -42 -57 -74 -73 -77 -81 -84 -84 -77 -79 -87 -92 -96 -93 -98 -98 -99 -98 -90 -85 -86 -77 -76 -79 -80 -68 -67 -78 -88 -89 -91 -98 -89 -80 -76 -76 -76 -77 -77 -73 -72 -78 -82 -74 -71 -71 -71 -71 -71 -70 -71 -71 -71 -71 -71 -71 -71 -71 -71 -77 -91 -98
13 7 5 6 -7 -17 -20 -20 -21 -22 -24 -25 -29 -33 -35 -28 -28 -52 -69 -76 -64 -79 -84 -86 -81 -80 -86 -95 -97 -98 -99 -98 -100 -98 -98 -96 -96 -89 -82 -79 -72 -67 -68 -75 -80 -83 -82 -83 -79 -79 -76 -76 -76 -75 -74 -73 -72 -75 -74 -70 -70 -70 -70 -71 -70 -70 -70 -70 -70 -70 -70 -70 -70 -70 -73 -82 -94 -106
17 16 11 5 -1 -10 -14 -17 -18 -19 -19 -21 -23 -24 -21 -22 -25 -30 -40 -47 -57 -71 -83 -88 -88 -86 -89 -95 -96 -96 -96 -98 -97 -99 -99 -96 -95 -92 -83 -73 -68 -65 -72 -80 -77 -71 -70 -72 -79 -81 -85 -82 -78 -77 -78 -76 -73 -70 -69 -69 -70 -70 -70 -70 -70 -70 -69 -69 -69 -69 -69 -70 -70 -71 -86 -101 -105 -103
16 12 11 -1 -6 -10 -14 -14 -14 -15 -17 -18 -17 -18 -25 -33 -28 -50 -52 -63 -67 -70 -80 -84 -88 -88 -91 -94 -96 -96 -95 -100 -99 -96 -96 -86 -82 -79 -72 -66 -64 -64 -73 -73 -71 -81 -82 -77 -79 -87 -90 -86 -82 -79 -83 -83 -77 -72 -69 -70 -70 -70 -70 -70 -70 -68 -68 -68 -68 -68 -69 -69 -75 -79 -95 -108 -105 -91
17 10 4 -2 -4 -8 -11 -9 -15 -16 -15 -14 -14 -16 -19 -21 -26 -31 -42 -60 -69 -74 -76 -84 -86 -87 -90 -91 -94 -98 -99 -103 -104 -95 -96 -93 -92 -88 -81 -69 -65 -66 -79 -77 -77 -83 -84 -85 -84 -86 -90 -91 -88 -80 -78 -79 -77 -71 -70 -70 -70 -70 -70 -70 -69 -68 -67 -67 -68 -68 -68 -73 -82 -85 -95 -103 -98 -86
19 14 12 5 -1 -6 -8 -4 -6 -12 -15 -13 -14 -14 -13 -14 -16 -32 -46 -53 -63 -74 -78 -82 -86 -88 -92 -90 -90 -94 -98 -106 -107 -97 -97 -96 -101 -94 -88 -76 -68 -66 -78 -82 -80 -80 -83 -87 -88 -85 -82 -83 -82 -78 -74 -76 -73 -71 -74 -71 -69 -69 -70 -69 -68 -67 -66 -66 -68 -69 -70 -79 -86 -87 -93 -94 -90 -82
20 17 15 5 5 3 -8 -5 -2 -7 -13 -14 -10 -10 -11 -13 -13 -28 -36 -58 -71 -76 -78 -79 -83 -86 -90 -90 -90 -94 -103 -106 -108 -98 -95 -93 -106 -96 -86 -83 -74 -70 -81 -81 -81 -82 -85 -83 -80 -78 -79 -78 -76 -74 -74 -75 -76 -79 -82 -81 -73 -70 -69 -69 -68 -66 -67 -67 -69 -72 -70 -76 -83 -87 -84 -82 -81 -77
21 20 16 12 9 5 1 2 -4 -11 -15 -15 -13 -11 -10 -11 -11 -13 -24 -43 -47 -59 -72 -79 -83 -84 -88 -87 -88 -92 -98 -105 -102 -95 -89 -92 -108 -99 -84 -82 -77 -76 -79 -81 -80 -82 -80 -77 -75 -74 -78 -83 -82 -76 -75 -74 -74 -76 -79 -80 -74 -70 -69 -68 -67 -67 -66 -67 -67 -67 -67 -74 -85 -88 -82 -76 -75 -74
22 21 18 14 8 9 11 4 0 -7 -12 -12 -9 -7 -6 -7 -11 -18 -24 -32 -48 -58 -68 -74 -77 -81 -83 -86 -90 -93 -96 -100 -94 -85 -90 -99 -106 -100 -84 -78 -78 -78 -82 -80 -79 -75 -73 -74 -75 -76 -77 -83 -81 -77 -77 -76 -76 -75 -76 -79 -77 -71 -69 -68 -68 -67 -66 -67 -73 -67 -67 -69 -71 -75 -78 -72 -72 -72
22 22 21 17 15 13 11 4 0 -8 -12 -9 -7 -7 -4 -5 -7 -14 -23 -32 -55 -62 -67 -71 -76 -76 -81 -84 -85 -85 -87 -87 -84 -85 -89 -90 -87 -92 -78 -76 -75 -79 -78 -78 -76 -71 -72 -77 -80 -79 -79 -80 -79 -80 -81 -80 -79 -78 -80 -82 -79 -75 -71 -70 -69 -72 -68 -67 -69 -75 -70 -66 -66 -72 -80 -73 -71 -72
24 23 22 20 18 14 12 5 -1 -6 -8 -7 -6 -7 -5 -5 -7 -9 -13 -29 -39 -36 -33 -51 -60 -75 -79 -83 -86 -83 -82 -86 -81 -79 -77 -76 -75 -84 -76 -75 -75 -76 -76 -74 -72 -73 -78 -84 -84 -85 -85 -82 -81 -84 -88 -93 -90 -85 -88 -85 -82 -80 -85 -88 -79 -73 -70 -68 -70 -81 -82 -68 -68 -75 -86 -72 -71 -76
24 23 22 20 18 13 12 9 2 -1 -3 -3 -2 -2 -3 -3 -3 -4 -12 -20 -28 -49 -58 -57 -73 -73 -76 -83 -85 -80 -81 -78 -76 -75 -73 -71 -71 -93 -86 -74 -69 -70 -72 -75 -77 -79 -82 -92 -86 -87 -87 -83 -82 -84 -87 -87 -86 -85 -87 -92 -89 -90 -91 -90 -80 -69 -74 -78 -77 -80 -89 -82 -75 -85 -84 -73 -73 -79
24 24 23 22 21 17 14 11 6 6 5 4 3 0 1 -1 -4 -8 -14 -23 -27 -41 -60 -63 -68 -65 -76 -80 -79 -82 -78 -74 -73 -71 -69 -67 -69 -91 -87 -71 -70 -71 -74 -77 -77 -80 -83 -94 -87 -89 -88 -85 -85 -83 -85 -86 -87 -86 -84 -83 -82 -83 -87 -86 -80 -69 -67 -69 -77 -84 -87 -90 -88 -96 -93 -79 -76 -85
25 25 25 24 23 21 18 15 12 10 9 9 8 5 2 0 -2 -7 -8 -9 -24 -42 -47 -51 -58 -64 -67 -74 -78 -82 -78 -72 -71 -69 -66 -63 -67 -79 -71 -73 -71 -72 -75 -76 -79 -80 -84 -91 -86 -87 -87 -89 -86 -83 -85 -88 -89 -87 -86 -82 -79 -79 -84 -87 -82 -78 -70 -69 -72 -78 -83 -84 -86 -95 -101 -82 -79 -90
26 26 26 25 24 21 19 16 16 14 12 11 10 9 6 2 0 -1 0 -8 -23 -38 -30 -47 -51 -52 -66 -67 -77 -81 -82 -72 -70 -69 -66 -63 -71 -91 -77 -72 -71 -74 -76 -76 -78 -84 -87 -94 -86 -87 -89 -89 -89 -84 -84 -87 -88 -86 -86 -85 -83 -78 -78 -81 -82 -87 -83 -74 -73 -73 -75 -79 -83 -89 -98 -89 -88 -89
27 27 27 27 25 24 22 20 18 15 13 12 12 10 6 4 5 4 1 -3 -11 -21 -27 -45 -37 -62 -68 -71 -72 -75 -79 -75 -71 -70 -68 -66 -71 -90 -73 -70 -73 -76 -76 -77 -78 -81 -85 -96 -87 -87 -89 -89 -91 -85 -82 -83 -85 -85 -86 -88 -88 -81 -76 -76 -79 -80 -76 -71 -76 -75 -75 -84 -91 -85 -87 -89 -88 -86
