data/Layers_WA/bio6.asc
NCOLS 376 
NROWS 439 
XLLCORNER -124.708333333333 
YLLCORNER 28 
CELLSIZE 0.0416666666666667 
NODATA_value -3.4e+38 
[rows 140 to 174 of 439, columns 0 to 77 of 376]
-3.4e+38 -3.4e+38 -3.4e+38 -3.4e+38 -3.4e+38 -3.4e+38 -3.4e+38 41 33 31 31 26 22 16 17 26 31 33 27 19 7 3 6 -12 -10 -13 -25 -29 -16 -23 -26 -22 -34 -34 -31 -29 -29 -25 -28 -31 -39 -42 -35 -27 -19 -10 -8 -2 8 14 16 19 19 21 21 21 22 22 23 23 24 22 21 19 17 18 15 13 5 -16 -30 -43 -54 -61 -72 -82 -76 -80
-3.4e+38 -3.4e+38 -3.4e+38 -3.4e+38 -3.4e+38 -3.4e+38 -3.4e+38 43 33 22 17 19 13 13 11 10 13 19 30 21 10 10 10 0 -17 -21 -17 -27 -19 -22 -24 -22 -28 -27 -25 -28 -33 -39 -34 -31 -35 -32 -30 -20 -18 -7 4 5 10 14 16 19 21 21 22 22 22 22 23 24 24 23 22 22 21 19 17 15 9 -5 -33 -51 -58 -62 -68 -69 -67 -70
-3.4e+38 -3.4e+38 -3.4e+38 -3.4e+38 -3.4e+38 -3.4e+38 -3.4e+38 -3.4e+38 42 38 34 25 19 9 4 12 24 25 25 27 18 -1 1 6 0 -10 -21 -30 -29 -23 -21 -29 -34 -23 -30 -33 -37 -42 -36 -35 -31 -24 -24 -16 -6 2 4 9 10 12 16 18 19 21 21 22 23 23 23 23 24 24 24 23 21 17 11 13 4 -7 -20 -35 -50 -58 -61 -62 -63 -65
-3.4e+38 -3.4e+38 -3.4e+38 -3.4e+38 -3.4e+38 -3.4e+38 -3.4e+38 -3.4e+38 42 43 39 36 24 16 12 11 20 6 20 22 15 22 19 11 3 1 -19 -33 -33 -27 -23 -21 -25 -36 -27 -25 -29 -39 -37 -38 -31 -25 -20 -22 -15 -2 2 6 10 12 13 16 19 21 21 22 22 23 23 24 25 24 24 23 21 18 16 11 0 -12 -25 -39 -53 -62 -61 -59 -62 -64
-3.4e+38 -3.4e+38 -3.4e+38 -3.4e+38 -3.4e+38 -3.4e+38 -3.4e+38 -3.4e+38 39 26 24 37 33 26 18 9 11 9 11 20 25 20 8 21 10 5 -6 -21 -32 -30 -23 -26 -24 -26 -41 -34 -27 -31 -31 -39 -42 -37 -26 -30 -22 -8 -1 5 6 11 15 17 19 20 20 21 22 23 24 25 25 23 21 20 18 16 13 7 0 -6 -20 -35 -48 -57 -61 -55 -62 -62
-3.4e+38 -3.4e+38 -3.4e+38 -3.4e+38 -3.4e+38 -3.4e+38 -3.4e+38 -3.4e+38 38 31 27 28 27 31 29 25 19 7 14 19 22 25 13 11 12 20 11 -2 -21 -29 -24 -18 -22 -21 -28 -32 -32 -31 -29 -33 -39 -42 -37 -38 -28 -17 -4 3 8 9 12 15 17 18 19 21 23 24 25 25 25 24 22 22 21 20 18 14 12 1 -22 -34 -42 -42 -48 -57 -58 -57
-3.4e+38 -3.4e+38 -3.4e+38 -3.4e+38 -3.4e+38 -3.4e+38 -3.4e+38 -3.4e+38 -3.4e+38 -3.4e+38 32 22 12 14 20 25 23 16 9 19 13 12 18 1 -4 16 15 2 -3 -19 -22 -15 -16 -22 -22 -25 -30 -35 -30 -34 -44 -55 -52 -43 -34 -19 -9 -3 3 6 10 14 16 18 20 21 23 25 26 27 26 26 24 22 21 19 17 10 2 1 -5 -12 -19 -30 -44 -47 -48 -61
-3.4e+38 -3.4e+38 -3.4e+38 -3.4e+38 -3.4e+38 -3.4e+38 -3.4e+38 -3.4e+38 -3.4e+38 -3.4e+38 -3.4e+38 36 27 14 5 16 23 21 16 16 23 22 12 -1 -5 2 14 -3 -14 -18 -18 -14 -12 -20 -26 -24 -28 -34 -37 -39 -42 -45 -36 -35 -38 -39 -23 -5 1 5 8 12 16 19 20 22 23 25 26 27 27 26 26 23 21 19 15 12 13 6 -5 -19 -30 -24 -36 -44 -57 -62
-3.4e+38 -3.4e+38 -3.4e+38 -3.4e+38 -3.4e+38 -3.4e+38 -3.4e+38 -3.4e+38 -3.4e+38 -3.4e+38 -3.4e+38 -3.4e+38 -3.4e+38 29 20 13 19 20 19 22 18 24 14 2 -9 3 5 11 5 -4 -13 -15 -15 -16 -26 -28 -30 -36 -39 -43 -42 -46 -41 -35 -28 -27 -24 -18 -4 0 8 12 16 19 20 21 23 24 26 26 27 27 27 26 23 21 19 18 15 7 -2 -12 -6 -18 -37 -43 -50 -56
-3.4e+38 -3.4e+38 -3.4e+38 -3.4e+38 -3.4e+38 -3.4e+38 -3.4e+38 -3.4e+38 -3.4e+38 -3.4e+38 -3.4e+38 -3.4e+38 -3.4e+38 -3.4e+38 -3.4e+38 22 12 20 17 15 19 22 20 15 3 -3 2 2 7 -3 -20 -17 -16 -15 -19 -26 -32 -34 -37 -39 -48 -51 -41 -43 -43 -37 -35 -35 -16 1 7 10 14 17 19 21 22 24 25 26 26 27 27 25 25 22 21 19 16 10 9 -1 -9 -23 -34 -46 -50 -55
-3.4e+38 -3.4e+38 -3.4e+38 -3.4e+38 -3.4e+38 -3.4e+38 -3.4e+38 -3.4e+38 -3.4e+38 -3.4e+38 -3.4e+38 -3.4e+38 -3.4e+38 -3.4e+38 -3.4e+38 28 14 14 17 15 17 13 14 2 4 -3 -1 -2 6 1 -20 -20 -18 -14 -12 -23 -28 -37 -32 -37 -42 -51 -52 -47 -59 -43 -40 -34 -21 -5 6 11 13 16 18 20 22 23 24 25 26 26 26 25 25 24 22 19 17 13 2 -19 -18 -15 -33 -39 -49 -55
-3.4e+38 -3.4e+38 -3.4e+38 -3.4e+38 -3.4e+38 -3.4e+38 -3.4e+38 -3.4e+38 -3.4e+38 -3.4e+38 -3.4e+38 -3.4e+38 -3.4e+38 -3.4e+38 -3.4e+38 -3.4e+38 24 18 15 17 17 18 12 6 1 -6 -7 -5 -12 -4 -2 -14 -8 -13 -16 -17 -29 -35 -29 -27 -34 -47 -49 -37 -36 -34 -41 -39 -23 -8 5 10 13 14 17 19 21 23 24 25 25 26 26 25 26 24 24 21 19 13 4 -11 -12 -12 -22 -35 -42 -50
-3.4e+38 -3.4e+38 -3.4e+38 -3.4e+38 -3.4e+38 -3.4e+38 -3.4e+38 -3.4e+38 -3.4e+38 -3.4e+38 -3.4e+38 -3.4e+38 -3.4e+38 -3.4e+38 -3.4e+38 -3.4e+38 -3.4e+38 30 19 16 13 14 15 7 -5 -8 -12 -13 -4 -2 -1 -3 -6 -17 -19 -23 -25 -32 -40 -36 -24 -29 -38 -33 -27 -37 -44 -43 -24 -11 4 9 13 15 18 19 21 22 24 24 25 25 26 26 25 24 24 23 20 18 13 -3 -2 -10 -8 -28 -30 -44
-3.4e+38 -3.4e+38 -3.4e+38 -3.4e+38 -3.4e+38 -3.4e+38 -3.4e+38 -3.4e+38 -3.4e+38 -3.4e+38 -3.4e+38 -3.4e+38 -3.4e+38 -3.4e+38 -3.4e+38 -3.4e+38 -3.4e+38 -3.4e+38 29 20 17 12 13 8 -7 -12 -13 -14 -10 -2 -3 -19 -18 -19 -20 -21 -24 -24 -28 -29 -20 -31 -41 -32 -25 -31 -29 -29 -24 -10 5 10 12 14 16 18 20 22 23 24 24 25 25 25 25 24 24 23 22 20 18 11 14 -2 -6 -14 -19 -30
-3.4e+38 -3.4e+38 -3.4e+38 -3.4e+38 -3.4e+38 -3.4e+38 -3.4e+38 -3.4e+38 -3.4e+38 -3.4e+38 -3.4e+38 -3.4e+38 -3.4e+38 -3.4e+38 -3.4e+38 -3.4e+38 -3.4e+38 -3.4e+38 -3.4e+38 23 23 21 10 11 3 -5 -3 -12 -17 -14 0 -10 -22 -15 -13 -13 -13 -13 -22 -16 -27 -40 -41 -32 -27 -27 -24 -19 -11 2 7 9 9 12 15 17 19 20 22 23 24 24 25 25 24 24 23 23 22 22 21 20 16 15 0 -1 -11 -28
-3.4e+38 -3.4e+38 -3.4e+38 -3.4e+38 -3.4e+38 -3.4e+38 -3.4e+38 -3.4e+38 -3.4e+38 -3.4e+38 -3.4e+38 -3.4e+38 -3.4e+38 -3.4e+38 -3.4e+38 -3.4e+38 -3.4e+38 -3.4e+38 -3.4e+38 -3.4e+38 27 18 11 8 4 1 -3 -4 -12 -18 -8 -4 -19 -15 -8 -7 -9 -10 -14 -14 -21 -26 -33 -27 -24 -26 -32 -30 -23 -7 5 11 11 12 15 17 19 20 22 23 23 24 24 24 24 23 23 22 22 22 21 22 20 20 10 5 -6 -13
-3.4e+38 -3.4e+38 -3.4e+38 -3.4e+38 -3.4e+38 -3.4e+38 -3.4e+38 -3.4e+38 -3.4e+38 -3.4e+38 -3.4e+38 -3.4e+38 -3.4e+38 -3.4e+38 -3.4e+38 -3.4e+38 -3.4e+38 -3.4e+38 -3.4e+38 -3.4e+38 35 21 9 7 0 1 -5 -2 -6 -11 -8 -3 -14 -17 -9 -6 -8 -11 -20 -24 -19 -19 -29 -38 -30 -20 -16 -17 -26 -17 -4 8 10 11 12 15 17 20 22 23 23 24 24 23 23 23 22 22 21 20 21 21 22 22 18 14 7 1
-3.4e+38 -3.4e+38 -3.4e+38 -3.4e+38 -3.4e+38 -3.4e+38 -3.4e+38 -3.4e+38 -3.4e+38 -3.4e+38 -3.4e+38 -3.4e+38 -3.4e+38 -3.4e+38 -3.4e+38 -3.4e+38 -3.4e+38 -3.4e+38 -3.4e+38 -3.4e+38 -3.4e+38 27 17 6 1 1 -8 -7 -1 -7 -13 -10 -5 -12 -12 -9 -10 -12 -17 -25 -31 -27 -20 -37 -46 -34 -21 -10 -14 -16 -8 4 6 8 12 14 17 19 21 23 23 23 23 23 23 22 22 21 20 20 20 21 21 22 22 21 14 11
-3.4e+38 -3.4e+38 -3.4e+38 -3.4e+38 -3.4e+38 -3.4e+38 -3.4e+38 -3.4e+38 -3.4e+38 -3.4e+38 -3.4e+38 -3.4e+38 -3.4e+38 -3.4e+38 -3.4e+38 -3.4e+38 -3.4e+38 -3.4e+38 -3.4e+38 -3.4e+38 -3.4e+38 29 22 10 2 1 -9 -12 -2 -5 -12 -12 -5 -11 -8 -11 -11 -9 -11 -19 -25 -35 -24 -27 -42 -36 -27 -15 -10 -7 -4 6 7 10 8 12 17 19 21 22 22 22 22 22 22 22 21 21 20 19 19 20 21 21 21 21 18 14
-3.4e+38 -3.4e+38 -3.4e+38 -3.4e+38 -3.4e+38 -3.4e+38 -3.4e+38 -3.4e+38 -3.4e+38 -3.4e+38 -3.4e+38 -3.4e+38 -3.4e+38 -3.4e+38 -3.4e+38 -3.4e+38 -3.4e+38 -3.4e+38 -3.4e+38 -3.4e+38 -3.4e+38 -3.4e+38 27 20 10 2 0 -8 -4 -3 -8 -12 -7 -14 -20 -18 -15 -11 -12 -19 -24 -33 -28 -24 -34 -34 -26 -23 -18 -11 -2 5 6 5 9 13 16 19 20 22 22 22 22 22 22 21 21 21 20 19 20 21 21 21 21 20 19 12
-3.4e+38 -3.4e+38 -3.4e+38 -3.4e+38 -3.4e+38 -3.4e+38 -3.4e+38 -3.4e+38 -3.4e+38 -3.4e+38 -3.4e+38 -3.4e+38 -3.4e+38 -3.4e+38 -3.4e+38 -3.4e+38 -3.4e+38 -3.4e+38 -3.4e+38 -3.4e+38 -3.4e+38 -3.4e+38 25 21 18 15 6 2 -5 -6 -5 -3 -5 -5 -16 -21 -15 -14 -8 -14 -23 -38 -43 -29 -23 -29 -29 -28 -19 -13 -1 3 3 5 9 12 15 18 20 21 21 22 22 22 21 21 21 21 21 21 21 21 21 21 21 20 18 18
-3.4e+38 -3.4e+38 -3.4e+38 -3.4e+38 -3.4e+38 -3.4e+38 -3.4e+38 -3.4e+38 -3.4e+38 -3.4e+38 -3.4e+38 -3.4e+38 -3.4e+38 -3.4e+38 -3.4e+38 -3.4e+38 -3.4e+38 -3.4e+38 -3.4e+38 -3.4e+38 -3.4e+38 -3.4e+38 31 27 22 18 13 5 -5 -7 -3 -3 -9 -11 -8 -16 -20 -21 -18 -15 -15 -26 -34 -25 -23 -27 -22 -22 -22 -14 -2 2 2 3 8 12 15 18 20 21 21 21 21 21 21 21 21 21 21 21 21 21 21 21 21 20 20 18
-3.4e+38 -3.4e+38 -3.4e+38 -3.4e+38 -3.4e+38 -3.4e+38 -3.4e+38 -3.4e+38 -3.4e+38 -3.4e+38 -3.4e+38 -3.4e+38 -3.4e+38 -3.4e+38 -3.4e+38 -3.4e+38 -3.4e+38 -3.4e+38 -3.4e+38 -3.4e+38 -3.4e+38 -3.4e+38 34 29 21 15 16 9 -4 -6 -7 -4 -10 -10 -8 -6 -11 -16 -28 -25 -20 -24 -37 -24 -18 -19 -25 -27 -26 -18 -5 -1 1 2 6 11 15 18 19 20 20 20 21 21 21 21 21 22 22 22 22 22 21 22 22 21 21 19
-3.4e+38 -3.4e+38 -3.4e+38 -3.4e+38 -3.4e+38 -3.4e+38 -3.4e+38 -3.4e+38 -3.4e+38 -3.4e+38 -3.4e+38 -3.4e+38 -3.4e+38 -3.4e+38 -3.4e+38 -3.4e+38 -3.4e+38 -3.4e+38 -3.4e+38 -3.4e+38 -3.4e+38 35 30 28 24 20 14 13 11 4 -6 -4 -3 -8 -8 -5 -9 -10 -17 -26 -21 -14 -18 -19 -16 -20 -24 -29 -17 -13 -10 -3 1 0 2 10 14 16 19 19 20 20 21 21 21 22 22 22 22 22 22 22 22 22 22 22 21 20
-3.4e+38 -3.4e+38 -3.4e+38 -3.4e+38 -3.4e+38 -3.4e+38 -3.4e+38 -3.4e+38 -3.4e+38 -3.4e+38 -3.4e+38 -3.4e+38 -3.4e+38 -3.4e+38 -3.4e+38 -3.4e+38 -3.4e+38 -3.4e+38 -3.4e+38 -3.4e+38 -3.4e+38 34 31 28 26 19 17 17 17 14 5 -3 0 -2 -7 -6 -8 -7 -17 -21 -15 -11 -10 -14 -14 -22 -28 -24 -26 -13 -7 -3 -1 -2 0 8 13 15 18 19 20 20 20 20 20 20 21 22 22 22 22 23 23 23 23 22 22 20
-3.4e+38 -3.4e+38 -3.4e+38 -3.4e+38 -3.4e+38 -3.4e+38 -3.4e+38 -3.4e+38 -3.4e+38 -3.4e+38 -3.4e+38 -3.4e+38 -3.4e+38 -3.4e+38 -3.4e+38 -3.4e+38 -3.4e+38 -3.4e+38 -3.4e+38 -3.4e+38 -3.4e+38 33 29 26 25 21 14 14 10 9 2 -1 1 1 -8 -7 -8 -8 -9 -13 -12 -12 -11 -12 -15 -25 -41 -31 -16 -12 -9 -3 -2 -3 -2 7 11 13 16 17 18 19 19 20 20 20 21 22 22 22 23 24 24 24 24 24 23 22
-3.4e+38 -3.4e+38 -3.4e+38 -3.4e+38 -3.4e+38 -3.4e+38 -3.4e+38 -3.4e+38 -3.4e+38 -3.4e+38 -3.4e+38 -3.4e+38 -3.4e+38 -3.4e+38 -3.4e+38 -3.4e+38 -3.4e+38 -3.4e+38 -3.4e+38 -3.4e+38 -3.4e+38 33 28 24 25 23 22 20 14 10 2 0 -3 -2 -8 0 -3 3 0 -11 -14 -15 -13 -12 -13 -17 -24 -27 -14 -9 -7 -5 -3 -4 -1 5 10 12 15 17 18 18 19 20 20 21 21 21 22 22 24 24 24 24 24 25 24 23
-3.4e+38 -3.4e+38 -3.4e+38 -3.4e+38 -3.4e+38 -3.4e+38 -3.4e+38 -3.4e+38 -3.4e+38 -3.4e+38 -3.4e+38 -3.4e+38 -3.4e+38 -3.4e+38 -3.4e+38 -3.4e+38 -3.4e+38 -3.4e+38 -3.4e+38 -3.4e+38 -3.4e+38 34 29 28 29 27 24 22 20 16 10 4 0 2 -6 7 1 2 7 -4 -13 -16 -16 -14 -12 -14 -18 -20 -15 -13 -12 -8 -4 -4 -2 2 11 12 15 16 17 18 18 19 19 20 21 21 23 23 24 24 24 25 25 25 24 24
-3.4e+38 -3.4e+38 -3.4e+38 -3.4e+38 -3.4e+38 -3.4e+38 -3.4e+38 -3.4e+38 -3.4e+38 -3.4e+38 -3.4e+38 -3.4e+38 -3.4e+38 -3.4e+38 -3.4e+38 -3.4e+38 -3.4e+38 -3.4e+38 -3.4e+38 -3.4e+38 -3.4e+38 34 29 27 28 26 26 20 19 15 9 7 0 1 7 13 11 -1 6 3 -9 -10 -12 -14 -14 -13 -15 -25 -17 -12 -10 -9 -6 -4 -5 0 7 10 14 15 16 17 18 19 19 20 21 21 22 22 24 25 26 26 26 26 25 25
-3.4e+38 -3.4e+38 -3.4e+38 -3.4e+38 -3.4e+38 -3.4e+38 -3.4e+38 -3.4e+38 -3.4e+38 -3.4e+38 -3.4e+38 -3.4e+38 -3.4e+38 -3.4e+38 -3.4e+38 -3.4e+38 -3.4e+38 -3.4e+38 -3.4e+38 -3.4e+38 -3.4e+38 -3.4e+38 32 29 26 24 25 22 20 17 16 9 3 0 5 12 13 3 0 -4 -8 -11 -8 -11 -14 -14 -12 -12 -16 -12 -11 -10 -8 -5 -4 -1 4 11 13 14 15 16 18 18 18 20 20 21 20 18 21 25 26 27 27 27 26 25
-3.4e+38 -3.4e+38 -3.4e+38 -3.4e+38 -3.4e+38 -3.4e+38 -3.4e+38 -3.4e+38 -3.4e+38 -3.4e+38 -3.4e+38 -3.4e+38 -3.4e+38 -3.4e+38 -3.4e+38 -3.4e+38 -3.4e+38 -3.4e+38 -3.4e+38 -3.4e+38 -3.4e+38 -3.4e+38 32 29 28 26 25 24 20 17 13 9 2 4 4 15 16 4 -8 -7 -6 -4 -7 -6 -11 -13 -14 -11 -10 -10 -9 -9 -7 -6 -4 -1 2 10 13 14 15 16 17 17 18 20 20 21 21 21 23 26 27 28 28 28 27 25
-3.4e+38 -3.4e+38 -3.4e+38 -3.4e+38 -3.4e+38 -3.4e+38 -3.4e+38 -3.4e+38 -3.4e+38 -3.4e+38 -3.4e+38 -3.4e+38 -3.4e+38 -3.4e+38 -3.4e+38 -3.4e+38 -3.4e+38 -3.4e+38 -3.4e+38 -3.4e+38 -3.4e+38 -3.4e+38 -3.4e+38 28 24 26 28 28 23 21 17 10 3 -3 2 10 18 8 -7 -9 -8 -5 -5 -5 -9 -11 -13 -10 -11 -9 -9 -8 -7 -6 -3 0 4 9 12 13 14 15 17 18 18 19 20 21 23 24 25 26 27 28 29 28 27 26
-3.4e+38 -3.4e+38 -3.4e+38 -3.4e+38 -3.4e+38 -3.4e+38 -3.4e+38 -3.4e+38 -3.4e+38 -3.4e+38 -3.4e+38 -3.4e+38 -3.4e+38 -3.4e+38 -3.4e+38 -3.4e+38 -3.4e+38 -3.4e+38 -3.4e+38 -3.4e+38 -3.4e+38 -3.4e+38 -3.4e+38 34 27 20 20 22 26 26 13 9 4 -1 6 9 19 11 -5 -6 -6 -4 -5 -5 -5 -7 -10 -9 -9 -9 -8 -8 -6 -5 -3 -1 2 6 10 12 13 15 16 17 18 19 20 21 22 24 25 26 27 28 28 28 27 26
-3.4e+38 -3.4e+38 -3.4e+38 -3.4e+38 -3.4e+38 -3.4e+38 -3.4e+38 -3.4e+38 -3.4e+38 -3.4e+38 -3.4e+38 -3.4e+38 -3.4e+38 -3.4e+38 -3.4e+38 -3.4e+38 -3.4e+38 -3.4e+38 -3.4e+38 -3.4e+38 -3.4e+38 -3.4e+38 -3.4e+38 -3.4e+38 27 22 19 14 17 25 27 18 11 4 1 5 9 15 -3 -7 -6 -4 -4 -5 -5 -6 -8 -9 -9 -9 -8 -7 -6 -4 -4 -2 0 2 8 9 12 14 15 16 18 19 20 22 22 24 25 26 27 28 28 28 27 27
-3.4e+38 -3.4e+38 -3.4e+38 -3.4e+38 -3.4e+38 -3.4e+38 -3.4e+38 -3.4e+38 -3.4e+38 -3.4e+38 -3.4e+38 -3.4e+38 -3.4e+38 -3.4e+38 -3.4e+38 -3.4e+38 -3.4e+38 -3.4e+38 -3.4e+38 -3.4e+38 -3.4e+38 -3.4e+38 -3.4e+38 -3.4e+38 33 22 20 20 12 22 20 24 19 8 4 6 8 15 11 -3 -5 -4 -4 -4 -5 -6 -6 -7 -8 -8 -8 -7 -6 -4 -3 -1 0 1 7 8 9 12 14 16 18 18 20 21 22 24 24 26 27 27 28 28 28 28
