data/Layers_WA/bio6.asc
NCOLS 376 
NROWS 439 
XLLCORNER -124.708333333333 
YLLCORNER 28 
CELLSIZE 0.0416666666666667 
NODATA_value -3.4e+38 
[rows 175 to 209 of 439, columns 78 to 155 of 376]
29 28 28 28 27 25 23 21 19 16 14 14 13 10 9 8 5 3 4 -3 -10 -18 -34 -31 -42 -53 -61 -69 -77 -75 -80 -88 -78 -73 -72 -71 -71 -82 -70 -70 -73 -75 -76 -77 -78 -79 -83 -94 -91 -85 -85 -86 -91 -90 -81 -81 -83 -85 -90 -89 -94 -90 -75 -73 -72 -71 -69 -68 -70 -71 -72 -80 -87 -79 -73 -71 -70 -70
29 29 29 29 29 28 26 23 21 18 18 16 14 11 10 8 6 3 -1 -1 -4 -13 -18 -32 -48 -52 -58 -69 -75 -85 -81 -87 -79 -76 -77 -76 -80 -96 -70 -68 -71 -73 -75 -76 -78 -80 -88 -93 -89 -81 -80 -83 -91 -91 -80 -80 -82 -84 -88 -91 -100 -103 -87 -73 -70 -70 -70 -73 -74 -72 -70 -75 -80 -71 -67 -65 -65 -66
31 31 31 31 30 29 27 25 23 21 18 14 12 10 10 10 8 6 -1 -9 -12 -15 -26 -40 -39 -44 -49 -62 -75 -80 -87 -93 -88 -77 -78 -78 -83 -96 -77 -66 -69 -72 -74 -75 -77 -80 -94 -96 -88 -81 -83 -85 -90 -92 -81 -80 -82 -84 -86 -87 -92 -100 -104 -82 -68 -68 -74 -84 -86 -82 -74 -72 -75 -69 -65 -65 -65 -67
31 31 31 31 31 29 28 26 24 23 18 17 14 10 8 9 10 9 6 -1 -10 -18 -17 -30 -31 -39 -43 -57 -68 -75 -89 -89 -85 -81 -78 -81 -92 -105 -98 -69 -67 -70 -71 -74 -81 -86 -98 -96 -87 -83 -83 -84 -85 -90 -81 -79 -80 -82 -86 -88 -91 -95 -99 -87 -68 -67 -72 -83 -91 -88 -80 -80 -77 -70 -66 -65 -65 -67
32 33 33 33 32 31 30 28 27 22 19 20 18 15 7 7 6 11 9 7 2 -2 -13 -25 -33 -43 -49 -60 -70 -72 -76 -77 -80 -84 -80 -91 -96 -92 -97 -73 -65 -67 -70 -75 -78 -89 -102 -100 -94 -84 -82 -82 -83 -85 -85 -81 -83 -83 -87 -93 -96 -98 -110 -97 -73 -65 -68 -78 -87 -88 -90 -91 -83 -79 -71 -68 -70 -70
33 33 33 33 33 32 31 29 27 25 22 19 15 11 8 6 7 10 10 9 3 0 -2 -6 -10 -19 -29 -34 -46 -60 -69 -73 -80 -91 -84 -90 -83 -87 -84 -63 -63 -66 -71 -78 -82 -84 -86 -90 -87 -83 -81 -82 -85 -88 -89 -86 -85 -85 -81 -84 -89 -97 -109 -105 -80 -63 -63 -71 -86 -83 -86 -85 -85 -92 -79 -75 -80 -85
34 35 35 34 34 33 31 30 28 25 20 16 17 12 8 3 6 11 12 11 6 2 -3 -12 -23 -29 -44 -49 -56 -54 -69 -76 -81 -90 -93 -96 -82 -93 -93 -71 -65 -76 -87 -84 -89 -80 -79 -80 -82 -85 -86 -83 -88 -92 -95 -94 -90 -86 -87 -80 -85 -94 -105 -98 -71 -61 -61 -66 -85 -87 -89 -90 -90 -91 -94 -87 -93 -95
35 36 35 35 34 34 33 31 28 24 20 16 14 11 7 4 5 11 11 12 9 3 -7 -18 -28 -40 -50 -53 -62 -62 -63 -73 -84 -88 -91 -92 -86 -90 -80 -68 -66 -78 -88 -93 -97 -83 -77 -78 -82 -89 -92 -86 -87 -94 -104 -102 -98 -91 -89 -80 -84 -93 -104 -93 -69 -60 -60 -65 -84 -100 -103 -99 -101 -94 -97 -99 -98 -100
35 36 36 36 35 34 33 32 29 26 21 19 15 13 8 8 7 6 6 9 10 8 -1 -18 -27 -39 -46 -56 -68 -70 -73 -78 -82 -93 -90 -93 -91 -92 -85 -76 -85 -75 -86 -91 -91 -79 -76 -77 -82 -89 -96 -93 -90 -96 -103 -108 -108 -98 -87 -83 -84 -94 -106 -103 -79 -59 -59 -61 -70 -84 -94 -99 -99 -102 -99 -97 -102 -104
34 35 36 36 35 35 33 32 30 28 25 20 19 17 12 10 7 6 7 9 9 7 -1 -12 -20 -32 -42 -49 -61 -69 -73 -81 -87 -88 -81 -89 -90 -88 -92 -91 -84 -87 -81 -83 -89 -83 -78 -76 -84 -93 -98 -101 -98 -95 -101 -105 -107 -100 -85 -85 -91 -98 -107 -113 -102 -71 -57 -58 -59 -64 -70 -75 -81 -96 -86 -90 -82 -88
34 34 35 36 35 34 33 33 31 29 27 23 22 18 15 10 8 8 9 11 10 6 1 -5 -11 -23 -33 -50 -57 -59 -71 -75 -79 -76 -67 -77 -83 -87 -91 -94 -97 -98 -91 -86 -89 -89 -82 -75 -89 -99 -102 -102 -101 -99 -101 -107 -108 -102 -93 -86 -87 -93 -108 -118 -119 -100 -62 -58 -59 -60 -62 -65 -67 -72 -66 -66 -68 -69
32 33 34 34 34 33 33 33 31 30 28 26 24 21 15 11 9 9 9 11 10 8 4 -4 -15 -22 -27 -41 -41 -50 -52 -60 -66 -54 -81 -86 -84 -86 -93 -94 -99 -94 -95 -89 -94 -97 -83 -78 -86 -100 -104 -108 -106 -101 -102 -108 -109 -106 -104 -95 -87 -94 -110 -117 -111 -101 -77 -62 -61 -62 -64 -76 -81 -72 -67 -69 -70 -68
31 32 33 34 33 33 33 32 31 30 29 27 24 21 17 13 10 9 8 9 9 8 5 1 -1 -1 -8 -8 -13 -28 -46 -52 -67 -77 -79 -79 -82 -92 -90 -93 -95 -97 -92 -100 -96 -102 -95 -88 -94 -102 -107 -114 -108 -101 -99 -102 -100 -101 -98 -93 -96 -101 -109 -114 -114 -104 -93 -74 -68 -65 -66 -79 -86 -88 -90 -95 -94 -86
30 32 32 32 33 33 32 32 31 31 30 27 25 23 20 15 11 9 9 8 8 8 7 5 1 -10 -16 -26 -39 -48 -57 -69 -72 -68 -70 -72 -77 -79 -86 -85 -90 -94 -95 -105 -100 -105 -100 -95 -93 -102 -110 -121 -114 -104 -99 -94 -93 -93 -92 -94 -94 -99 -103 -109 -114 -109 -100 -90 -80 -75 -80 -91 -92 -87 -90 -99 -103 -100
30 30 31 31 31 32 32 32 31 31 30 29 27 24 19 14 12 10 9 9 8 7 7 6 6 -1 -13 -24 -38 -47 -58 -55 -60 -62 -67 -69 -72 -84 -84 -76 -86 -95 -98 -106 -110 -108 -101 -99 -95 -102 -107 -113 -112 -104 -99 -101 -101 -101 -99 -94 -92 -95 -99 -102 -105 -109 -109 -106 -97 -81 -89 -100 -102 -95 -88 -87 -86 -88
30 30 30 31 31 31 31 32 31 30 30 30 28 26 21 15 13 11 9 8 7 7 6 6 6 -2 -29 -26 -37 -44 -39 -57 -65 -70 -68 -70 -58 -64 -67 -79 -84 -96 -103 -109 -109 -97 -90 -92 -94 -98 -101 -102 -106 -102 -101 -105 -106 -106 -103 -100 -97 -95 -98 -101 -103 -106 -111 -109 -101 -85 -84 -94 -101 -98 -90 -85 -84 -88
28 29 29 29 30 30 30 30 30 31 30 30 29 28 24 20 15 14 11 9 7 7 6 6 4 -1 -10 -27 -33 -23 -39 -49 -55 -60 -48 -48 -63 -75 -80 -83 -84 -84 -101 -108 -100 -94 -94 -98 -96 -100 -100 -98 -101 -99 -101 -105 -106 -105 -105 -105 -103 -102 -104 -106 -104 -108 -112 -107 -92 -86 -88 -93 -98 -104 -100 -100 -103 -105
27 28 29 29 29 30 30 30 30 30 30 30 29 29 27 22 16 13 12 9 7 6 5 5 5 0 -10 -20 -18 -29 -39 -43 -51 -48 -31 -57 -73 -83 -88 -87 -91 -87 -93 -103 -106 -97 -99 -104 -100 -105 -101 -98 -97 -98 -100 -103 -106 -107 -105 -107 -106 -107 -107 -109 -103 -105 -109 -106 -92 -88 -98 -102 -100 -99 -94 -93 -100 -101
27 27 27 28 28 28 30 29 29 30 31 30 30 29 27 23 18 15 14 9 7 6 5 4 4 -1 -4 -6 -16 -25 -29 -34 -37 -22 -35 -59 -74 -82 -88 -92 -95 -96 -102 -104 -103 -95 -104 -110 -107 -99 -99 -96 -96 -98 -100 -101 -107 -109 -108 -106 -108 -105 -102 -100 -100 -103 -108 -100 -97 -100 -101 -102 -93 -79 -71 -72 -84 -91
26 26 26 26 27 28 28 29 29 30 30 30 30 29 27 25 20 16 15 11 8 6 5 4 3 1 1 1 -3 -9 -15 -14 -15 -28 -44 -53 -69 -80 -88 -89 -92 -96 -99 -100 -104 -101 -103 -108 -102 -109 -102 -95 -95 -97 -98 -100 -102 -103 -104 -105 -102 -100 -101 -99 -99 -103 -105 -100 -102 -97 -90 -94 -93 -73 -71 -72 -89 -98
25 25 25 25 25 26 28 29 29 29 29 29 30 28 27 24 18 11 11 14 11 8 5 3 3 2 2 -1 -2 -11 -16 -25 -31 -35 -50 -56 -66 -72 -77 -81 -85 -87 -92 -100 -101 -108 -108 -106 -103 -99 -97 -101 -98 -97 -98 -99 -101 -102 -100 -98 -96 -96 -97 -98 -99 -103 -106 -103 -100 -85 -83 -89 -81 -80 -77 -76 -79 -89
24 24 24 24 24 26 27 28 29 29 29 30 30 29 27 21 19 11 11 13 11 7 5 3 2 3 1 1 0 -5 -13 -23 -30 -42 -44 -53 -66 -68 -68 -76 -79 -84 -94 -96 -96 -100 -104 -105 -108 -112 -111 -110 -102 -100 -98 -98 -98 -95 -93 -92 -92 -93 -94 -95 -97 -102 -104 -104 -91 -86 -90 -87 -86 -85 -89 -87 -84 -95
24 23 23 23 24 25 26 28 29 29 30 30 29 29 27 21 18 16 11 10 10 9 6 4 4 2 0 -2 -7 -8 -14 -21 -34 -38 -39 -51 -58 -50 -65 -71 -71 -77 -86 -87 -89 -94 -100 -103 -105 -108 -113 -110 -113 -104 -97 -92 -91 -89 -89 -89 -89 -90 -91 -95 -96 -99 -100 -97 -93 -95 -94 -93 -91 -91 -96 -91 -89 -96
23 22 22 22 24 25 27 28 29 30 30 29 29 28 27 25 18 17 15 10 7 10 8 7 3 1 0 0 -1 -6 -9 -15 -28 -25 -29 -43 -50 -40 -58 -57 -66 -72 -78 -83 -85 -96 -90 -99 -104 -100 -102 -118 -107 -102 -98 -88 -87 -86 -87 -87 -87 -88 -92 -97 -96 -96 -95 -97 -99 -101 -102 -98 -100 -98 -96 -92 -90 -92
23 23 23 23 24 26 28 28 29 30 30 30 29 28 28 26 22 17 17 15 13 10 11 7 3 1 0 0 0 -1 -3 -12 -24 -17 -22 -33 -36 -27 -32 -47 -51 -59 -65 -73 -82 -80 -95 -101 -94 -95 -107 -116 -113 -115 -110 -92 -84 -84 -85 -85 -86 -88 -96 -100 -94 -92 -90 -91 -92 -97 -100 -102 -101 -100 -98 -99 -96 -91
24 24 24 24 26 27 28 28 29 30 30 30 30 29 28 27 25 19 16 18 17 13 12 9 6 4 1 0 0 0 -3 -8 -15 -12 -15 -21 -26 -20 -31 -26 -41 -44 -43 -64 -54 -62 -75 -80 -93 -92 -103 -114 -109 -107 -97 -92 -87 -84 -84 -85 -87 -91 -96 -97 -96 -90 -88 -87 -89 -93 -95 -93 -91 -90 -92 -104 -101 -95
24 24 24 26 27 28 28 29 29 30 30 30 30 29 28 27 26 22 18 17 18 15 12 8 9 6 3 3 2 2 0 -1 -9 -8 -8 -6 -10 -20 -21 -37 -54 -66 -71 -69 -83 -89 -97 -91 -86 -90 -96 -100 -104 -120 -109 -90 -84 -84 -90 -88 -90 -94 -96 -93 -92 -89 -88 -88 -87 -90 -83 -80 -84 -93 -103 -111 -104 -96
24 24 25 26 27 28 28 29 29 29 30 30 30 29 27 27 26 25 23 21 17 14 13 10 10 10 9 3 0 -1 -2 -2 0 -1 -4 -9 -15 -22 -25 -40 -59 -65 -75 -80 -80 -82 -96 -92 -92 -98 -98 -96 -108 -114 -109 -90 -84 -85 -91 -91 -92 -95 -98 -95 -92 -90 -91 -90 -89 -89 -78 -77 -85 -106 -120 -114 -104 -95
25 25 26 26 27 28 28 29 29 29 29 30 29 29 27 27 27 26 25 23 20 16 14 11 11 11 6 5 1 -3 -5 -4 -5 -5 -8 -13 -16 -21 -26 -36 -49 -61 -74 -81 -72 -82 -83 -82 -96 -98 -104 -107 -102 -121 -123 -100 -87 -87 -88 -90 -91 -96 -98 -99 -100 -97 -95 -96 -91 -85 -79 -76 -83 -106 -130 -116 -106 -99
25 25 25 26 27 27 28 29 29 29 29 30 29 29 28 27 27 26 25 24 23 21 18 14 12 13 12 3 3 0 -4 -6 -5 -4 -6 -14 -24 -27 -35 -43 -55 -60 -70 -77 -65 -66 -66 -82 -86 -93 -102 -118 -113 -113 -109 -95 -86 -93 -89 -88 -86 -88 -89 -93 -97 -101 -105 -101 -91 -87 -81 -82 -78 -93 -126 -130 -112 -101
24 24 25 26 26 27 28 28 29 29 29 29 29 28 28 28 27 27 27 26 25 24 22 19 14 15 12 7 3 3 1 -4 -4 -3 -4 -8 -11 -15 -28 -38 -36 -39 -44 -46 -42 -46 -63 -72 -82 -81 -97 -110 -125 -112 -102 -99 -104 -95 -88 -84 -84 -83 -82 -81 -82 -85 -96 -100 -91 -90 -81 -78 -70 -76 -99 -124 -117 -108
23 24 25 25 26 27 28 28 28 29 29 29 29 28 28 28 28 27 27 26 25 24 23 22 18 14 14 11 9 10 3 -3 -2 -2 -1 -5 -7 -7 -12 -12 -14 -23 -53 -62 -65 -63 -67 -73 -95 -96 -88 -103 -110 -103 -111 -99 -91 -92 -86 -86 -84 -84 -81 -80 -80 -81 -85 -91 -89 -90 -83 -76 -68 -68 -84 -108 -125 -109
22 23 24 25 25 27 27 28 28 29 29 29 29 28 28 28 28 28 27 27 26 25 24 24 20 18 14 12 12 6 7 3 0 3 -1 -4 -1 -3 -2 -15 -24 -37 -49 -61 -63 -69 -71 -73 -90 -106 -99 -100 -96 -83 -101 -98 -87 -88 -92 -84 -81 -79 -79 -79 -78 -79 -83 -86 -85 -84 -82 -75 -68 -65 -77 -102 -132 -122
21 22 23 24 25 26 26 27 28 28 28 28 28 28 28 28 28 28 27 27 26 25 25 24 23 21 19 13 14 9 3 6 6 5 2 2 -4 -11 -12 -6 -13 -19 -35 -52 -66 -73 -82 -84 -86 -94 -92 -91 -82 -72 -88 -91 -79 -83 -94 -93 -90 -89 -81 -80 -75 -77 -81 -83 -83 -82 -79 -71 -65 -65 -75 -94 -114 -133
21 21 20 22 24 25 26 26 26 27 27 27 28 28 28 28 28 28 27 27 26 26 25 25 24 22 21 16 15 12 7 0 0 -3 -1 -4 -4 -11 -14 -11 -31 -36 -27 -38 -51 -65 -72 -72 -74 -92 -82 -74 -70 -66 -67 -71 -69 -82 -94 -107 -110 -108 -102 -94 -81 -80 -80 -79 -79 -80 -75 -69 -63 -62 -67 -88 -112 -126
