data/Layers_WA/bio6.asc
NCOLS 376 
NROWS 439 
XLLCORNER -124.708333333333 
YLLCORNER 28 
CELLSIZE 0.0416666666666667 
NODATA_value -3.4e+38 
[rows 105 to 139 of 439, columns 78 to 155 of 376]
-69 -69 -69 -71 -73 -73 -74 -74 -75 -75 -76 -77 -78 -80 -80 -82 -82 -83 -83 -83 -83 -83 -79 -77 -76 -76 -75 -78 -93 -95 -80 -74 -73 -75 -76 -77 -81 -84 -92 -83 -84 -88 -84 -91 -88 -87 -88 -90 -93 -99 -101 -101 -96 -94 -95 -96 -95 -96 -95 -93 -85 -81 -79 -78 -77 -77 -83 -83 -82 -88 -92 -105 -114 -116 -100 -90 -87 -91
-68 -68 -68 -69 -72 -74 -73 -74 -74 -75 -76 -78 -79 -80 -82 -82 -82 -82 -82 -82 -82 -82 -80 -78 -77 -76 -77 -79 -81 -94 -82 -70 -69 -72 -76 -80 -86 -88 -87 -83 -86 -89 -82 -94 -93 -90 -89 -89 -94 -103 -105 -100 -98 -97 -98 -98 -97 -95 -94 -95 -98 -93 -82 -78 -77 -77 -89 -88 -87 -85 -92 -104 -112 -113 -107 -93 -86 -87
-67 -67 -67 -68 -71 -74 -73 -73 -74 -75 -77 -77 -79 -80 -83 -82 -82 -82 -82 -83 -83 -82 -81 -79 -77 -77 -80 -86 -83 -81 -78 -69 -69 -71 -76 -80 -86 -90 -87 -82 -85 -86 -82 -95 -94 -91 -89 -89 -91 -94 -98 -98 -99 -99 -98 -98 -95 -94 -94 -94 -101 -101 -86 -79 -77 -78 -98 -111 -98 -84 -86 -96 -108 -107 -107 -93 -87 -87
-66 -66 -67 -68 -70 -71 -72 -74 -74 -75 -76 -78 -79 -81 -82 -81 -82 -83 -83 -83 -83 -83 -81 -79 -78 -77 -80 -87 -87 -88 -75 -69 -68 -70 -79 -84 -85 -88 -82 -80 -82 -81 -87 -95 -92 -90 -91 -90 -94 -95 -96 -99 -99 -99 -101 -98 -95 -100 -96 -96 -101 -91 -83 -81 -82 -83 -101 -104 -96 -82 -82 -87 -97 -102 -103 -95 -87 -87
-64 -65 -66 -67 -68 -69 -71 -73 -74 -76 -77 -79 -80 -80 -81 -82 -83 -84 -84 -84 -84 -83 -82 -80 -78 -77 -79 -88 -99 -88 -70 -68 -68 -71 -81 -85 -87 -87 -80 -80 -81 -87 -94 -91 -89 -89 -93 -91 -94 -95 -96 -100 -102 -101 -97 -96 -100 -103 -100 -103 -93 -82 -82 -89 -94 -98 -110 -113 -99 -80 -80 -83 -90 -98 -100 -98 -88 -86
-64 -65 -66 -66 -67 -69 -71 -73 -75 -77 -78 -80 -80 -81 -82 -83 -83 -84 -84 -84 -84 -83 -83 -81 -79 -78 -80 -93 -101 -79 -69 -68 -68 -74 -80 -83 -89 -86 -80 -80 -85 -92 -91 -87 -86 -89 -95 -93 -93 -93 -96 -96 -99 -101 -101 -102 -101 -102 -99 -101 -87 -81 -87 -101 -108 -119 -119 -102 -90 -77 -78 -81 -88 -94 -95 -98 -90 -85
-65 -65 -66 -67 -68 -69 -70 -72 -75 -77 -79 -80 -81 -82 -82 -83 -83 -84 -84 -85 -84 -84 -83 -82 -80 -78 -83 -92 -94 -76 -68 -67 -68 -75 -75 -80 -90 -89 -80 -81 -83 -88 -87 -85 -85 -88 -92 -93 -93 -95 -101 -100 -98 -99 -98 -99 -100 -105 -103 -98 -91 -86 -89 -106 -115 -123 -108 -102 -86 -76 -76 -78 -80 -84 -89 -93 -88 -84
-67 -66 -66 -67 -67 -69 -71 -73 -76 -77 -79 -81 -81 -82 -82 -83 -84 -85 -84 -84 -85 -84 -83 -82 -80 -79 -81 -90 -102 -85 -70 -67 -67 -70 -71 -79 -86 -88 -81 -81 -82 -83 -85 -85 -86 -88 -91 -96 -96 -92 -99 -101 -100 -101 -97 -96 -100 -103 -101 -99 -101 -93 -90 -98 -112 -104 -97 -106 -87 -75 -75 -76 -78 -79 -83 -90 -89 -84
-69 -66 -66 -67 -68 -69 -71 -74 -75 -77 -79 -80 -81 -82 -82 -83 -84 -85 -85 -86 -85 -85 -84 -82 -80 -79 -80 -87 -93 -89 -73 -66 -66 -66 -68 -75 -92 -94 -84 -81 -82 -84 -86 -90 -90 -90 -93 -98 -96 -92 -91 -94 -96 -101 -101 -99 -97 -98 -100 -106 -109 -99 -93 -94 -100 -88 -89 -102 -97 -77 -74 -75 -77 -77 -79 -88 -87 -81
-71 -66 -66 -67 -68 -71 -72 -74 -75 -77 -79 -80 -81 -80 -82 -83 -83 -85 -85 -85 -86 -86 -84 -82 -80 -79 -84 -93 -96 -81 -71 -66 -66 -66 -67 -72 -93 -96 -84 -81 -82 -84 -85 -95 -98 -97 -93 -94 -90 -89 -88 -91 -95 -98 -100 -99 -99 -97 -103 -110 -112 -101 -94 -86 -77 -75 -83 -97 -87 -73 -74 -74 -79 -77 -77 -82 -82 -79
-68 -66 -67 -67 -69 -71 -73 -74 -76 -77 -78 -80 -80 -78 -79 -81 -81 -83 -83 -84 -85 -85 -84 -82 -80 -79 -83 -90 -92 -88 -74 -67 -66 -66 -67 -70 -87 -93 -85 -82 -82 -83 -85 -94 -96 -94 -93 -90 -87 -87 -89 -91 -97 -96 -97 -94 -91 -95 -108 -120 -117 -104 -87 -76 -70 -70 -72 -78 -75 -72 -73 -77 -90 -78 -77 -78 -78 -78
-68 -68 -68 -68 -70 -71 -72 -77 -80 -77 -76 -79 -79 -77 -78 -79 -79 -81 -82 -84 -85 -84 -83 -81 -81 -79 -79 -85 -91 -100 -84 -69 -67 -66 -67 -70 -90 -85 -83 -86 -86 -84 -86 -91 -95 -89 -90 -89 -88 -88 -91 -93 -97 -93 -91 -86 -85 -93 -104 -110 -102 -96 -75 -71 -70 -70 -70 -70 -71 -72 -73 -78 -93 -80 -79 -79 -78 -78
-68 -68 -68 -69 -70 -71 -73 -76 -77 -78 -76 -77 -78 -79 -82 -82 -82 -81 -82 -84 -85 -83 -82 -81 -80 -79 -82 -91 -101 -111 -99 -73 -68 -67 -67 -72 -90 -85 -83 -85 -89 -88 -86 -87 -95 -90 -90 -91 -88 -88 -94 -97 -95 -84 -79 -80 -91 -96 -104 -110 -100 -80 -71 -72 -71 -70 -70 -70 -71 -72 -72 -83 -98 -88 -90 -84 -79 -77
-68 -68 -68 -69 -69 -70 -72 -72 -74 -75 -76 -77 -83 -87 -89 -87 -85 -83 -84 -84 -84 -82 -81 -81 -80 -80 -82 -92 -101 -112 -105 -81 -68 -68 -68 -80 -98 -94 -89 -90 -87 -90 -88 -88 -89 -92 -92 -90 -90 -88 -87 -94 -87 -77 -75 -81 -103 -99 -99 -97 -92 -80 -70 -71 -72 -69 -70 -70 -71 -71 -80 -109 -111 -101 -100 -86 -78 -77
-69 -69 -69 -69 -69 -70 -70 -71 -74 -81 -82 -85 -82 -81 -90 -91 -89 -86 -87 -86 -85 -82 -80 -80 -80 -80 -84 -90 -99 -107 -111 -86 -69 -68 -70 -81 -90 -101 -97 -100 -97 -88 -88 -92 -94 -93 -95 -95 -92 -92 -91 -84 -83 -78 -75 -80 -98 -102 -100 -90 -80 -77 -72 -71 -73 -70 -70 -70 -71 -72 -88 -99 -111 -119 -100 -83 -77 -76
-71 -72 -72 -69 -70 -69 -70 -71 -71 -81 -83 -79 -79 -79 -88 -94 -93 -90 -88 -87 -86 -81 -80 -80 -81 -80 -84 -81 -91 -104 -111 -95 -79 -69 -69 -75 -101 -102 -97 -94 -91 -86 -85 -88 -92 -92 -91 -91 -90 -90 -90 -83 -86 -82 -75 -73 -86 -107 -106 -89 -78 -77 -71 -69 -69 -70 -70 -71 -71 -80 -100 -97 -106 -114 -91 -79 -76 -76
-62 -65 -73 -74 -75 -71 -69 -70 -70 -72 -74 -77 -75 -75 -81 -91 -94 -94 -93 -90 -89 -83 -80 -80 -80 -80 -82 -77 -86 -96 -107 -108 -87 -71 -69 -72 -95 -97 -89 -88 -86 -88 -90 -93 -89 -85 -85 -84 -86 -94 -92 -83 -90 -92 -80 -71 -73 -83 -88 -80 -73 -71 -70 -70 -70 -70 -70 -71 -76 -101 -103 -87 -92 -89 -80 -75 -75 -75
-62 -61 -68 -77 -74 -72 -69 -69 -69 -70 -71 -71 -73 -77 -82 -89 -95 -92 -96 -92 -91 -90 -83 -84 -84 -80 -83 -85 -97 -100 -103 -108 -90 -79 -71 -72 -89 -91 -82 -83 -85 -91 -94 -91 -87 -87 -84 -87 -90 -94 -92 -87 -92 -103 -86 -71 -70 -71 -82 -80 -73 -70 -69 -70 -70 -70 -70 -71 -81 -108 -93 -81 -78 -76 -75 -76 -76 -76
-61 -60 -62 -74 -81 -74 -69 -69 -70 -70 -71 -73 -74 -78 -84 -87 -90 -91 -95 -92 -94 -97 -91 -92 -93 -85 -85 -95 -96 -104 -109 -111 -97 -82 -77 -75 -81 -83 -79 -85 -94 -95 -93 -89 -86 -86 -86 -92 -99 -95 -91 -92 -97 -104 -89 -73 -69 -69 -70 -78 -74 -70 -70 -70 -70 -71 -71 -72 -81 -102 -87 -79 -76 -76 -76 -76 -76 -76
-59 -58 -59 -63 -72 -74 -69 -69 -70 -72 -76 -78 -77 -79 -84 -88 -88 -88 -91 -93 -94 -96 -96 -93 -93 -89 -90 -95 -98 -100 -107 -107 -98 -92 -95 -89 -76 -74 -76 -83 -91 -90 -92 -91 -87 -89 -89 -94 -105 -95 -92 -95 -104 -103 -84 -71 -68 -68 -69 -73 -76 -70 -70 -70 -70 -70 -71 -73 -84 -92 -88 -80 -76 -76 -76 -76 -75 -75
-58 -58 -58 -61 -66 -74 -73 -70 -70 -73 -78 -84 -87 -82 -86 -92 -91 -89 -88 -91 -94 -95 -96 -93 -92 -93 -92 -93 -94 -95 -99 -99 -99 -92 -94 -89 -75 -74 -75 -78 -83 -85 -88 -89 -93 -96 -98 -97 -101 -93 -87 -89 -93 -100 -87 -73 -68 -68 -70 -77 -76 -69 -69 -70 -70 -71 -75 -77 -83 -88 -94 -84 -79 -79 -81 -82 -76 -76
-58 -59 -59 -58 -62 -72 -71 -72 -74 -82 -83 -85 -90 -86 -87 -90 -94 -94 -92 -93 -95 -94 -93 -93 -95 -97 -98 -95 -97 -96 -95 -94 -91 -87 -82 -81 -75 -75 -75 -78 -81 -80 -81 -85 -92 -104 -103 -91 -86 -84 -79 -82 -80 -97 -85 -70 -68 -68 -70 -80 -78 -70 -70 -70 -70 -72 -76 -82 -90 -90 -94 -89 -80 -76 -77 -77 -76 -76
-60 -61 -62 -61 -61 -68 -70 -75 -84 -85 -87 -87 -89 -90 -92 -91 -94 -97 -96 -97 -96 -94 -94 -95 -98 -99 -100 -98 -93 -90 -94 -93 -97 -99 -91 -87 -79 -77 -78 -76 -77 -77 -79 -85 -90 -98 -100 -97 -81 -74 -74 -71 -75 -87 -81 -68 -68 -68 -69 -73 -72 -69 -70 -70 -70 -72 -75 -79 -85 -88 -86 -87 -85 -77 -76 -76 -76 -76
-63 -62 -63 -66 -67 -66 -71 -77 -85 -84 -85 -85 -88 -90 -93 -95 -93 -95 -96 -96 -94 -95 -95 -99 -101 -102 -98 -95 -93 -92 -91 -92 -95 -100 -95 -95 -91 -88 -87 -79 -77 -78 -83 -87 -93 -92 -94 -94 -84 -72 -70 -68 -70 -78 -71 -67 -68 -68 -68 -69 -69 -69 -70 -71 -71 -72 -74 -77 -79 -81 -81 -83 -83 -77 -76 -76 -76 -76
-64 -67 -69 -71 -72 -74 -73 -74 -76 -76 -76 -80 -86 -90 -92 -93 -93 -92 -93 -94 -94 -95 -96 -98 -99 -98 -97 -93 -92 -91 -90 -89 -94 -96 -96 -97 -97 -93 -93 -83 -83 -87 -92 -90 -91 -85 -93 -98 -83 -73 -69 -68 -68 -67 -67 -67 -67 -68 -69 -69 -70 -70 -71 -71 -71 -72 -75 -79 -79 -80 -81 -80 -80 -76 -76 -76 -76 -77
-64 -69 -71 -77 -76 -78 -81 -77 -76 -77 -78 -82 -88 -92 -94 -93 -92 -91 -92 -94 -94 -95 -97 -98 -99 -98 -96 -94 -92 -91 -90 -89 -92 -93 -97 -97 -97 -94 -92 -87 -82 -89 -94 -91 -86 -76 -81 -101 -102 -86 -70 -66 -67 -67 -67 -67 -68 -68 -69 -69 -70 -71 -72 -72 -73 -75 -83 -88 -82 -85 -89 -84 -78 -76 -77 -77 -78 -86
-63 -73 -74 -77 -78 -80 -84 -84 -84 -84 -85 -87 -91 -94 -95 -94 -94 -93 -92 -95 -96 -96 -98 -99 -99 -98 -95 -94 -92 -91 -93 -93 -92 -93 -91 -93 -92 -89 -89 -84 -84 -91 -92 -93 -89 -78 -73 -83 -110 -93 -70 -66 -68 -68 -67 -67 -68 -68 -69 -71 -73 -74 -74 -74 -76 -83 -89 -90 -86 -89 -93 -90 -82 -78 -78 -82 -81 -94
-61 -71 -74 -78 -80 -83 -89 -86 -86 -86 -88 -90 -92 -93 -94 -95 -95 -93 -94 -99 -99 -99 -100 -99 -101 -98 -95 -95 -97 -98 -100 -97 -92 -93 -90 -90 -88 -85 -81 -82 -88 -92 -94 -94 -89 -80 -70 -70 -98 -104 -76 -70 -69 -66 -67 -68 -68 -72 -77 -75 -75 -76 -75 -76 -78 -80 -86 -89 -87 -89 -90 -94 -86 -81 -78 -78 -81 -89
-63 -70 -74 -77 -79 -81 -82 -84 -87 -88 -91 -91 -90 -90 -92 -93 -94 -90 -91 -99 -100 -98 -97 -96 -99 -98 -95 -95 -99 -101 -97 -91 -87 -91 -92 -92 -90 -85 -77 -76 -88 -94 -94 -91 -86 -69 -64 -66 -73 -91 -79 -71 -66 -67 -69 -72 -74 -82 -81 -76 -79 -86 -79 -83 -88 -82 -86 -86 -88 -94 -93 -89 -85 -80 -78 -77 -78 -84
-69 -71 -74 -76 -78 -80 -81 -84 -86 -85 -86 -87 -88 -88 -90 -88 -88 -88 -88 -95 -102 -97 -91 -93 -97 -94 -94 -93 -93 -99 -100 -90 -84 -85 -91 -91 -89 -86 -79 -71 -76 -82 -87 -85 -69 -62 -63 -63 -64 -69 -70 -65 -68 -78 -71 -75 -87 -90 -82 -79 -85 -88 -80 -82 -82 -81 -83 -83 -86 -94 -95 -94 -86 -81 -78 -77 -77 -78
-68 -69 -75 -76 -77 -79 -82 -82 -83 -88 -89 -87 -92 -91 -91 -86 -86 -86 -88 -93 -98 -96 -89 -89 -90 -94 -98 -94 -87 -88 -93 -90 -84 -84 -79 -79 -83 -89 -79 -69 -66 -66 -72 -69 -62 -62 -63 -64 -64 -65 -65 -67 -79 -82 -74 -79 -89 -85 -83 -87 -88 -83 -81 -85 -86 -85 -83 -83 -86 -91 -99 -96 -90 -81 -78 -77 -77 -77
-70 -77 -80 -78 -79 -81 -83 -86 -84 -87 -87 -85 -90 -94 -88 -85 -85 -88 -89 -92 -91 -94 -93 -90 -87 -88 -89 -86 -83 -78 -83 -86 -89 -89 -82 -71 -75 -79 -77 -66 -62 -62 -62 -61 -61 -61 -63 -70 -63 -65 -65 -72 -91 -81 -77 -81 -83 -84 -90 -93 -91 -84 -84 -89 -95 -93 -86 -87 -87 -87 -89 -91 -90 -82 -79 -79 -78 -82
-75 -77 -84 -80 -82 -86 -85 -85 -83 -83 -85 -88 -89 -93 -87 -84 -85 -94 -87 -84 -83 -86 -96 -87 -80 -80 -78 -75 -74 -74 -78 -85 -90 -81 -75 -70 -68 -78 -73 -63 -61 -61 -60 -60 -60 -67 -76 -68 -63 -64 -66 -74 -85 -82 -78 -79 -83 -83 -90 -95 -89 -84 -88 -96 -105 -97 -90 -91 -90 -89 -85 -86 -87 -82 -80 -79 -81 -91
-77 -81 -79 -78 -84 -87 -85 -84 -85 -84 -84 -85 -87 -89 -88 -88 -88 -95 -91 -87 -84 -83 -89 -80 -78 -78 -76 -73 -73 -74 -75 -76 -81 -79 -79 -83 -81 -68 -64 -60 -60 -60 -60 -60 -69 -86 -81 -66 -64 -66 -69 -78 -92 -84 -78 -78 -79 -80 -85 -94 -83 -85 -95 -104 -98 -87 -84 -83 -85 -90 -86 -84 -83 -83 -81 -80 -83 -93
-80 -78 -80 -81 -85 -87 -86 -84 -83 -83 -84 -84 -85 -87 -90 -95 -94 -89 -92 -93 -88 -86 -83 -77 -74 -76 -83 -74 -72 -72 -74 -78 -76 -78 -86 -86 -82 -67 -60 -59 -59 -59 -59 -60 -77 -92 -80 -67 -64 -69 -72 -79 -94 -82 -78 -77 -77 -77 -81 -87 -79 -85 -93 -99 -91 -83 -81 -81 -84 -87 -88 -87 -87 -87 -82 -81 -83 -93
