data/Layers_WA/bio9.asc
NCOLS 376 
NROWS 439 
XLLCORNER -124.708333333333 
YLLCORNER 28 
CELLSIZE 0.0416666666666649 
NODATA_value -3.4e+38 
[rows 68 to 101 of 439, columns 77 to 153 of 376]
146 144 143 144 147 148 149 150 153 155 157 158 158 158 157 158 158 157 158 161 163 164 164 163 161 161 161 161 161 161 160 159 160 160 162 163 163 161 156 159 164 167 169 168 168 167 167 166 168 169 166 165 165 163 161 159 160 160 164 165 166 166 167 167 167 167 167 167 167 168 163 156 155 152 161 160 175
133 133 135 139 142 146 149 152 155 157 159 160 160 160 160 160 160 160 156 159 162 164 165 165 165 165 165 163 163 162 162 160 160 159 160 162 159 156 153 162 162 166 168 170 168 169 169 169 169 169 169 168 167 166 163 162 163 162 161 164 167 167 167 167 167 167 168 168 169 169 167 168 168 165 170 170 183
129 126 127 128 134 139 147 153 157 157 160 161 162 162 163 163 162 161 159 160 163 165 166 167 168 168 168 167 165 161 160 160 161 162 163 159 149 147 140 155 163 160 163 169 170 171 171 170 170 171 171 171 170 168 167 167 166 167 167 167 167 167 167 167 167 168 168 169 169 169 168 166 167 171 176 175 179
129 133 129 124 124 133 143 153 156 158 161 162 163 164 164 165 166 164 164 164 167 168 168 169 169 169 169 169 165 162 161 160 161 164 164 161 155 149 146 153 164 164 166 168 169 170 171 171 172 172 172 171 171 170 169 169 169 167 167 168 168 168 168 168 168 168 168 169 170 169 166 162 158 167 172 171 175
137 138 130 118 119 131 145 153 154 157 161 154 162 164 165 166 167 167 167 168 168 169 169 169 169 170 170 170 166 164 162 160 162 164 164 163 161 159 160 163 165 166 168 168 168 167 169 170 170 171 172 169 170 171 171 171 171 170 169 169 168 167 168 168 168 168 168 168 169 169 169 161 162 162 164 166 172
139 142 137 126 126 129 140 151 156 156 160 163 155 158 166 167 168 168 169 169 169 169 169 169 170 170 170 171 168 166 164 164 166 165 167 168 168 165 163 162 163 166 168 168 166 163 162 165 167 170 168 166 166 167 168 171 171 171 170 169 166 166 168 168 168 168 165 167 167 165 168 170 172 170 164 169 172
140 143 141 132 127 137 142 147 155 161 163 165 164 160 163 167 169 169 169 167 163 164 161 161 170 171 171 167 167 167 166 166 164 163 170 170 170 168 163 158 159 159 163 167 164 162 160 159 163 164 163 163 164 165 165 168 171 171 170 166 166 169 169 168 167 166 166 167 168 167 167 170 171 172 173 174 175
140 141 143 138 137 142 147 150 156 160 163 165 166 166 166 167 169 166 162 160 154 153 154 157 167 170 167 163 167 167 167 164 160 166 169 171 172 168 162 154 158 161 166 166 162 161 159 159 161 162 162 161 160 158 161 164 167 171 170 165 163 169 170 169 168 169 168 169 169 168 169 165 166 170 167 167 169
141 142 145 145 147 147 149 154 156 160 162 163 164 165 169 170 163 155 155 151 150 148 154 160 164 164 163 163 164 164 167 162 164 167 167 173 172 165 160 159 162 164 168 166 160 160 159 161 162 163 159 159 158 159 158 156 156 165 168 164 161 165 169 169 168 166 168 168 166 169 166 151 149 158 159 148 149
146 144 140 139 141 145 148 150 153 156 158 157 158 156 164 169 159 154 155 158 162 164 157 159 162 159 157 160 163 164 167 170 169 168 171 173 173 167 159 159 164 167 169 162 157 158 157 162 163 158 158 157 157 157 157 156 153 154 160 162 157 158 164 170 170 170 167 161 161 166 164 159 151 144 150 154 156
149 142 135 133 132 132 140 145 148 153 146 137 148 148 144 147 149 165 170 175 175 174 159 157 162 155 157 160 162 165 170 172 170 170 171 170 172 161 158 158 162 167 169 158 154 155 158 163 157 155 155 156 157 157 156 155 154 155 155 157 153 151 158 168 169 169 169 169 165 160 158 151 147 138 143 151 153
150 142 130 118 116 118 130 136 144 151 148 138 139 140 137 128 130 174 178 177 176 169 157 157 156 156 158 158 162 167 169 171 172 173 174 174 161 153 156 159 161 166 165 151 152 156 161 156 153 155 155 155 156 157 157 156 155 155 154 157 156 152 156 170 167 166 165 165 162 157 150 146 143 142 139 143 162
150 140 117 106 108 117 130 135 145 151 150 143 135 135 131 124 152 179 179 177 176 168 155 164 159 155 160 159 161 165 165 167 170 172 173 174 154 142 156 160 160 163 159 152 152 160 161 155 155 155 154 155 157 158 156 158 159 158 157 153 154 151 160 170 167 163 158 155 156 158 149 139 136 135 133 157 174
151 147 132 116 125 127 132 139 147 149 149 144 139 133 129 125 169 178 178 177 176 169 159 151 162 162 161 160 163 164 164 163 168 169 171 170 161 154 157 159 160 156 156 156 158 160 164 163 156 154 156 157 161 160 157 156 156 160 160 155 151 152 167 171 165 159 151 143 145 148 147 140 133 132 153 176 171
150 150 141 128 130 134 136 143 148 150 150 144 140 135 128 121 161 176 177 177 175 173 168 157 157 164 162 160 163 165 164 164 167 167 170 171 159 158 158 159 157 155 158 160 164 166 167 169 158 158 159 162 164 163 162 161 160 160 160 159 153 155 172 171 162 155 147 139 133 140 140 133 129 137 175 176 172
149 150 141 132 132 135 140 146 149 150 150 148 143 136 128 121 152 176 176 176 175 173 170 161 159 161 161 161 164 168 168 167 166 165 163 167 159 161 162 160 159 158 159 166 172 171 171 170 161 161 161 163 165 166 165 164 164 164 161 158 159 159 165 168 160 151 142 135 128 130 131 126 127 167 173 178 176
150 150 141 131 135 138 141 146 149 149 148 147 144 137 127 123 142 172 175 175 175 174 172 166 168 162 157 160 163 170 176 175 173 170 162 158 157 163 166 167 167 164 163 171 173 173 172 166 162 162 163 164 166 166 166 165 165 166 165 164 165 158 152 162 155 143 136 128 121 113 118 117 155 173 171 178 177
149 150 146 142 142 143 144 146 147 146 146 145 143 137 132 127 125 153 165 173 173 170 171 171 173 172 156 159 163 172 177 177 177 167 158 160 161 168 171 171 171 170 171 174 173 173 171 162 163 163 164 166 167 168 168 168 168 167 167 167 163 156 150 155 157 144 131 123 116 106 106 130 171 174 164 167 184
143 144 145 144 144 145 146 145 145 145 145 144 140 137 135 130 123 123 127 142 141 152 165 172 173 175 158 156 167 177 178 178 165 156 160 164 171 173 173 173 173 174 174 174 174 160 155 163 164 164 164 165 167 168 168 169 169 168 168 168 161 153 149 150 156 154 137 125 119 105 99 147 174 178 172 172 180
141 131 143 147 145 142 143 144 143 141 142 138 130 131 131 126 123 120 117 125 134 154 144 167 174 175 168 157 165 177 178 173 151 156 160 166 171 172 171 173 175 176 176 175 169 145 159 161 162 163 163 163 163 165 167 170 169 169 169 169 162 151 149 152 154 156 153 141 120 104 103 154 178 182 182 177 165
143 141 146 147 146 138 135 142 144 144 143 137 128 124 132 131 124 122 124 127 142 155 140 158 172 172 175 172 168 176 178 172 153 157 160 162 167 169 169 175 176 176 176 169 150 156 160 162 161 162 162 162 164 166 169 170 170 170 170 169 169 156 151 151 149 148 148 142 131 116 130 171 183 183 183 173 167
145 144 147 150 150 145 143 143 148 149 147 142 138 132 132 131 120 113 125 136 151 158 141 149 164 170 175 176 173 172 179 161 151 151 147 149 158 166 175 178 178 176 159 149 154 156 159 162 162 163 162 166 170 170 170 170 170 170 170 171 171 160 147 148 146 145 141 137 132 140 152 181 184 184 184 176 172
154 149 151 152 153 152 152 151 150 151 152 147 144 140 122 117 123 121 132 142 148 153 151 137 150 162 164 173 177 178 161 139 146 151 149 146 156 164 176 178 177 149 127 145 150 152 157 161 162 163 164 168 170 170 169 169 170 171 172 172 172 170 150 141 142 141 133 125 139 172 169 183 184 185 185 172 174
155 154 154 155 154 155 152 147 151 153 153 152 148 138 124 118 129 135 139 146 150 152 154 143 141 158 165 168 171 178 149 139 147 155 161 159 163 171 178 180 178 141 127 136 141 149 156 160 164 166 167 168 168 168 168 167 167 170 172 172 172 172 171 151 142 135 131 125 162 181 180 184 185 185 182 181 183
155 156 156 156 155 155 150 151 151 153 154 154 152 147 143 140 137 137 131 139 151 153 147 143 134 151 163 159 160 174 147 138 149 157 160 163 166 172 180 180 169 127 135 134 145 151 154 158 164 167 164 160 159 162 165 165 164 165 168 173 173 173 173 162 155 155 144 153 173 184 184 185 186 185 180 182 183
144 145 150 155 154 153 149 143 141 146 153 155 155 153 150 148 147 141 132 137 147 148 142 130 132 144 152 151 166 160 129 137 145 150 158 162 164 168 181 181 150 125 149 149 151 153 155 156 164 162 157 141 141 156 160 160 161 164 164 173 174 174 173 163 162 165 157 157 176 186 186 186 182 175 176 180 182
153 146 146 145 143 142 141 144 144 143 150 154 154 153 151 146 146 144 136 126 134 144 143 135 140 145 157 157 167 159 137 132 133 147 156 160 161 162 178 181 169 151 152 152 152 153 154 158 164 158 157 146 137 145 158 161 161 165 165 168 175 175 172 159 161 158 148 161 184 187 186 183 176 168 173 179 181
162 158 152 143 138 138 141 147 147 146 148 149 151 150 143 142 144 145 142 132 129 137 146 144 152 159 166 167 166 154 140 129 124 138 152 157 156 151 164 181 183 167 154 153 153 153 154 159 162 156 155 146 144 152 159 161 160 164 165 170 174 175 158 146 154 154 160 172 185 187 187 183 180 168 168 175 173
164 159 157 152 149 148 148 150 148 148 142 141 146 146 141 141 138 146 153 141 130 136 152 157 159 166 168 166 158 141 134 140 140 148 157 158 153 145 151 184 184 177 161 151 154 154 155 161 165 162 159 150 155 158 161 164 163 164 165 168 169 171 154 150 152 156 170 179 186 188 186 183 183 175 163 173 174
165 160 160 156 154 149 146 150 150 151 146 143 145 145 146 145 139 149 156 154 137 140 147 159 163 168 170 162 149 151 152 149 157 157 159 160 155 146 156 185 183 176 165 152 152 153 160 165 165 164 158 149 152 157 160 163 163 163 161 163 166 161 160 159 162 152 170 176 185 188 185 182 178 175 169 176 178
164 165 164 163 162 156 152 151 151 152 151 149 147 147 148 145 143 152 155 158 158 153 158 164 166 168 170 169 154 145 143 147 153 157 160 161 161 156 180 186 182 173 167 154 150 153 157 166 167 164 158 154 152 156 157 160 161 159 158 161 157 160 163 165 169 151 155 165 180 187 189 186 176 174 174 171 167
166 162 158 161 164 163 162 158 153 152 152 150 150 148 149 147 144 154 150 156 159 157 160 165 167 169 171 171 158 140 141 149 151 155 156 158 156 166 186 186 186 180 158 152 152 155 160 167 166 161 155 153 153 152 149 150 155 156 159 150 149 157 162 168 170 158 138 157 163 185 190 188 184 176 163 155 154
165 160 157 148 153 164 165 162 154 154 154 150 149 148 145 145 148 148 146 151 150 150 159 166 168 170 171 172 164 148 139 148 160 154 155 158 158 184 186 184 184 182 163 156 153 158 165 168 167 154 152 154 153 152 149 144 141 152 157 152 149 150 164 171 172 165 138 137 129 174 190 190 184 171 154 143 144
162 165 162 152 142 157 166 165 157 156 157 155 151 150 148 148 148 146 149 147 146 145 158 167 169 170 171 172 168 145 123 143 152 149 153 159 172 177 177 178 186 181 150 149 157 160 165 169 161 149 150 153 154 152 150 150 150 149 144 150 164 168 173 169 172 171 151 142 149 183 191 190 185 173 155 145 136
