data/Layers_WA/bio9.asc
NCOLS 376 
NROWS 439 
XLLCORNER -124.708333333333 
YLLCORNER 28 
CELLSIZE 0.0416666666666649 
NODATA_value -3.4e+38 
[rows 306 to 339 of 439, columns 231 to 307 of 376]
256 257 257 257 258 256 254 259 261 261 260 259 259 257 255 254 248 245 244 246 250 248 246 244 241 238 236 237 239 242 243 245 246 246 247 246 245 243 241 239 241 242 243 243 243 244 244 243 241 241 242 242 243 242 242 242 242 240 238 232 222 235 243 245 247 247 249 249 248 247 247 248 247 245 244 244 246
249 250 252 256 257 255 258 260 261 261 260 259 257 256 255 251 249 245 248 249 250 248 245 241 241 239 237 238 238 240 244 245 246 246 247 246 244 243 240 234 233 240 242 244 245 245 245 245 244 243 244 245 245 244 244 244 244 242 241 238 236 242 245 246 248 248 249 249 248 248 248 249 249 248 247 246 246
247 251 253 255 256 257 259 260 261 260 260 259 257 255 254 252 248 247 248 250 249 248 245 242 237 234 229 230 234 238 242 244 245 245 246 247 246 244 242 239 237 235 239 244 246 246 246 246 241 239 244 243 246 246 246 246 245 245 244 243 244 245 246 248 248 249 250 249 249 248 249 248 248 249 248 247 247
246 249 251 253 253 254 257 259 261 260 260 258 256 253 251 251 250 249 247 248 248 247 244 236 221 218 218 225 229 232 238 238 238 243 244 243 245 245 244 244 243 239 235 243 246 247 248 247 244 245 246 247 249 248 248 247 247 247 246 246 246 248 248 249 249 249 250 249 249 249 248 247 247 247 247 247 246
248 250 252 253 253 250 252 256 260 261 259 256 254 250 250 248 250 248 247 248 248 246 244 233 213 213 220 227 230 236 240 242 243 244 235 238 245 248 248 247 246 244 243 241 245 246 247 248 249 248 249 250 250 250 249 249 249 249 249 248 248 248 249 248 245 245 247 249 249 248 246 242 237 238 244 246 247
249 250 251 253 254 254 254 255 260 261 259 255 248 248 247 248 248 247 246 246 247 245 243 242 239 230 228 231 235 237 243 245 246 247 247 247 250 250 250 249 248 247 245 243 244 246 247 248 249 249 250 250 251 251 251 251 251 250 249 249 246 247 248 247 246 238 233 246 248 248 244 239 240 243 245 246 247
247 248 249 251 253 254 256 257 259 260 259 253 245 245 242 247 246 243 240 244 245 242 245 247 247 247 246 242 233 242 245 247 248 249 250 251 252 253 252 251 249 248 246 244 241 245 248 249 249 249 250 250 251 252 253 253 248 246 248 248 247 247 248 248 246 243 232 222 242 248 247 247 246 246 247 246 246
244 245 246 248 250 251 252 255 258 260 259 253 251 248 247 247 248 245 244 246 241 244 247 249 250 251 251 251 247 246 246 248 249 251 252 253 253 254 254 253 253 250 251 248 247 248 247 250 251 250 248 248 249 250 251 253 252 251 250 249 247 247 247 247 247 246 243 235 219 241 247 247 247 246 246 246 247
237 241 242 245 248 248 248 253 255 258 257 254 250 251 251 250 252 251 251 250 238 238 245 248 251 253 254 254 253 252 249 249 250 251 252 253 254 255 255 255 255 254 254 254 253 253 253 254 255 254 252 250 246 248 251 253 255 254 252 247 244 245 245 247 247 247 245 243 236 228 247 247 247 246 246 246 246
237 235 236 241 246 247 248 250 252 259 256 252 251 253 253 253 254 254 252 251 247 238 242 247 250 252 255 256 256 256 253 254 253 250 253 254 256 256 257 257 257 257 256 257 254 250 255 257 258 257 252 250 248 248 246 249 256 256 253 246 245 243 244 245 246 247 246 245 240 228 242 247 247 246 246 247 247
250 245 242 243 246 244 244 247 254 258 255 254 254 256 254 256 256 255 253 252 249 244 234 243 248 252 255 257 258 258 258 256 256 254 256 257 258 258 258 258 258 259 259 259 258 258 259 259 260 259 248 252 255 255 252 254 253 257 255 251 247 239 239 244 245 246 246 246 243 243 245 247 247 246 246 247 246
252 250 249 248 248 242 242 249 254 258 259 256 254 258 258 258 257 256 254 253 251 248 240 236 244 250 255 257 259 259 259 258 258 257 258 259 260 259 260 260 260 260 260 261 261 260 253 261 261 260 260 260 259 259 258 256 252 258 257 253 247 241 238 243 244 245 246 246 245 245 246 247 246 247 247 246 245
254 252 251 250 249 248 246 247 251 255 258 259 257 260 260 260 258 256 255 254 252 250 245 238 241 242 252 257 259 260 260 260 260 257 255 258 257 260 261 261 261 261 262 262 262 261 261 261 261 258 260 261 261 261 261 259 256 259 257 255 252 248 241 242 244 244 244 245 245 244 245 246 246 246 247 246 245
254 253 252 251 251 250 249 249 250 250 253 255 255 258 261 261 259 256 255 255 254 252 249 248 246 246 254 257 259 261 261 261 261 260 258 258 261 262 262 262 262 263 263 262 262 261 261 260 260 258 260 260 260 260 261 261 260 260 257 255 253 249 244 241 241 242 243 243 243 244 245 246 247 246 246 246 246
254 254 253 252 252 251 250 249 250 250 250 251 255 257 260 259 259 258 256 256 255 254 253 252 252 252 255 258 259 261 262 262 262 262 261 262 262 263 263 263 263 263 263 262 261 261 260 260 259 258 260 260 260 260 260 260 260 259 257 255 252 250 246 240 234 236 240 242 243 243 245 246 247 247 247 247 246
254 254 254 253 252 251 245 245 249 251 253 251 251 258 261 260 258 258 258 257 257 255 255 255 255 255 255 258 260 262 262 262 263 262 263 263 263 263 263 263 263 263 262 261 260 260 259 260 259 259 260 260 260 260 259 259 259 259 257 255 252 249 247 242 234 234 237 242 242 239 243 245 246 247 247 247 246
256 254 254 253 253 252 250 246 249 252 254 255 257 257 261 261 260 259 259 258 257 257 257 257 257 257 259 260 261 262 263 263 263 263 263 263 263 263 263 262 262 262 261 261 260 260 260 260 260 261 260 260 260 259 259 258 258 257 256 254 250 248 245 244 242 240 240 241 240 238 239 242 244 246 247 247 247
255 255 254 254 253 253 252 250 251 253 256 258 260 260 260 260 260 260 258 254 252 255 255 257 259 260 261 261 262 263 263 263 263 263 262 262 262 262 262 262 262 261 261 261 260 260 260 260 260 260 260 260 259 257 258 257 256 256 255 252 243 240 240 239 239 238 239 240 239 237 236 237 241 244 246 246 247
255 255 255 254 254 253 253 252 253 255 257 259 260 261 259 258 260 261 259 254 253 253 258 259 260 261 261 262 262 263 262 260 262 262 262 262 262 261 260 261 261 261 261 261 260 260 260 260 260 260 259 259 258 257 257 256 255 254 253 250 246 242 239 231 225 233 235 237 238 234 224 228 239 242 245 246 247
255 255 255 254 253 253 253 252 253 255 257 259 260 261 260 261 254 258 261 259 257 258 260 261 261 262 262 261 261 261 261 259 260 261 262 262 261 262 261 261 261 261 260 260 260 260 260 260 260 259 259 259 258 257 256 251 253 252 251 249 244 240 236 230 223 229 234 236 238 234 228 230 237 241 242 246 247
255 255 255 254 254 253 253 252 253 254 256 258 259 260 260 259 257 252 258 260 260 261 261 260 260 260 259 260 260 261 260 259 254 258 260 261 261 262 261 261 259 259 260 260 260 259 259 259 259 259 258 258 257 257 253 249 248 249 250 248 245 242 238 232 222 228 233 236 237 236 234 235 239 241 243 245 243
256 256 255 255 254 254 254 253 253 254 255 258 258 259 258 257 257 254 251 258 258 259 259 259 258 257 257 258 259 259 259 258 259 252 258 259 260 261 260 260 258 255 258 259 258 258 257 255 257 257 255 256 257 256 253 249 244 244 246 245 245 241 239 234 224 227 231 235 236 237 236 238 240 242 244 245 243
255 255 255 254 254 253 254 253 253 254 254 256 257 257 257 255 255 250 242 253 256 256 256 257 256 255 255 255 256 257 257 258 257 255 249 256 259 260 260 260 259 258 256 258 258 257 257 257 254 252 250 255 256 255 253 251 247 241 241 241 242 239 236 232 224 225 231 234 237 237 234 236 240 242 244 245 245
255 255 254 254 254 253 253 253 253 253 254 255 256 256 255 254 254 250 239 245 250 253 253 254 254 253 252 253 254 255 256 256 257 257 254 253 257 259 259 259 259 258 258 258 257 257 256 256 256 256 255 254 254 255 254 251 248 243 239 237 233 234 233 227 228 230 233 235 237 236 237 233 240 242 244 244 238
254 254 253 254 253 253 253 253 253 253 253 254 254 255 255 254 253 252 248 236 234 247 251 252 252 246 245 250 252 253 254 254 255 255 256 255 255 254 257 258 258 258 258 258 257 257 254 254 255 255 255 254 254 254 253 251 248 244 237 235 229 229 228 228 231 232 234 235 235 235 238 240 241 242 243 243 239
253 253 253 253 -3.4e+38 253 -3.4e+38 -3.4e+38 253 252 253 253 253 253 253 253 253 252 250 244 241 240 248 250 250 247 240 248 250 251 252 253 253 254 254 255 254 251 255 257 257 256 253 257 257 257 255 249 253 254 251 251 251 252 251 246 238 243 238 228 228 233 233 229 230 232 234 235 234 232 234 237 241 243 244 243 242
252 252 252 252 -3.4e+38 -3.4e+38 -3.4e+38 -3.4e+38 -3.4e+38 -3.4e+38 -3.4e+38 253 253 252 252 252 252 251 249 246 245 242 244 247 248 248 247 247 247 248 249 250 251 252 253 253 253 253 250 254 255 254 249 255 256 256 256 249 248 252 251 241 251 251 251 248 240 239 238 225 224 235 234 229 218 226 234 235 232 232 231 235 240 242 243 243 240
251 251 251 -3.4e+38 -3.4e+38 -3.4e+38 -3.4e+38 -3.4e+38 -3.4e+38 -3.4e+38 -3.4e+38 -3.4e+38 -3.4e+38 -3.4e+38 251 251 251 250 248 247 246 245 240 241 245 246 246 243 240 244 244 247 249 250 249 250 251 251 247 249 254 254 249 253 255 256 255 246 250 250 250 248 248 249 250 249 247 243 240 229 231 235 235 231 226 227 234 233 232 235 234 233 240 242 242 241 235
250 250 250 -3.4e+38 -3.4e+38 -3.4e+38 -3.4e+38 -3.4e+38 -3.4e+38 -3.4e+38 -3.4e+38 -3.4e+38 -3.4e+38 -3.4e+38 -3.4e+38 -3.4e+38 -3.4e+38 -3.4e+38 248 247 247 245 244 237 241 244 244 243 240 237 238 244 246 247 246 244 249 250 250 251 252 253 249 249 253 255 254 251 243 249 248 244 240 246 248 248 246 243 238 230 227 235 236 235 233 235 236 235 233 236 237 238 239 241 241 241 231
249 249 -3.4e+38 -3.4e+38 -3.4e+38 -3.4e+38 -3.4e+38 -3.4e+38 -3.4e+38 -3.4e+38 -3.4e+38 -3.4e+38 -3.4e+38 -3.4e+38 -3.4e+38 -3.4e+38 -3.4e+38 -3.4e+38 -3.4e+38 -3.4e+38 -3.4e+38 245 244 242 237 241 242 241 240 237 236 241 244 246 246 244 243 247 249 250 248 251 252 249 252 253 253 252 241 246 246 245 245 243 247 247 242 238 238 235 234 234 237 236 236 237 237 236 235 236 236 238 239 240 240 240 238
247 -3.4e+38 -3.4e+38 -3.4e+38 -3.4e+38 -3.4e+38 -3.4e+38 -3.4e+38 -3.4e+38 -3.4e+38 -3.4e+38 -3.4e+38 -3.4e+38 -3.4e+38 -3.4e+38 -3.4e+38 -3.4e+38 -3.4e+38 -3.4e+38 -3.4e+38 -3.4e+38 -3.4e+38 -3.4e+38 -3.4e+38 237 237 241 240 239 237 237 238 239 243 245 245 240 241 247 248 248 249 251 251 251 251 252 252 249 238 244 244 245 246 246 245 243 240 239 237 236 236 237 237 238 237 236 233 232 233 234 236 237 238 238 238 237
245 -3.4e+38 -3.4e+38 -3.4e+38 -3.4e+38 -3.4e+38 -3.4e+38 -3.4e+38 -3.4e+38 -3.4e+38 -3.4e+38 -3.4e+38 -3.4e+38 -3.4e+38 -3.4e+38 -3.4e+38 -3.4e+38 -3.4e+38 -3.4e+38 -3.4e+38 -3.4e+38 -3.4e+38 -3.4e+38 -3.4e+38 -3.4e+38 -3.4e+38 -3.4e+38 238 239 238 238 238 240 241 243 245 245 243 244 246 247 249 249 249 250 250 250 250 249 235 238 244 246 246 245 244 241 239 238 236 236 236 237 237 238 237 236 231 227 229 230 233 235 236 236 236 235
244 245 -3.4e+38 -3.4e+38 -3.4e+38 -3.4e+38 -3.4e+38 -3.4e+38 -3.4e+38 -3.4e+38 -3.4e+38 -3.4e+38 -3.4e+38 -3.4e+38 -3.4e+38 -3.4e+38 -3.4e+38 -3.4e+38 -3.4e+38 -3.4e+38 -3.4e+38 -3.4e+38 -3.4e+38 -3.4e+38 -3.4e+38 -3.4e+38 -3.4e+38 -3.4e+38 -3.4e+38 -3.4e+38 -3.4e+38 237 235 240 242 243 245 246 243 243 246 247 248 247 248 248 248 248 248 246 242 245 245 245 244 242 239 237 235 234 233 234 236 237 238 237 235 232 226 225 223 230 233 235 234 233 232
243 243 -3.4e+38 -3.4e+38 -3.4e+38 -3.4e+38 -3.4e+38 -3.4e+38 -3.4e+38 -3.4e+38 -3.4e+38 -3.4e+38 -3.4e+38 -3.4e+38 -3.4e+38 -3.4e+38 -3.4e+38 -3.4e+38 -3.4e+38 -3.4e+38 -3.4e+38 -3.4e+38 -3.4e+38 -3.4e+38 -3.4e+38 -3.4e+38 -3.4e+38 -3.4e+38 -3.4e+38 -3.4e+38 -3.4e+38 -3.4e+38 -3.4e+38 -3.4e+38 241 242 244 245 246 245 245 246 247 246 247 247 247 247 246 246 245 242 244 244 242 240 237 235 233 231 232 234 235 237 237 237 235 232 229 221 220 229 232 233 231 229 227
