data/Layers_WA/bio9.asc
NCOLS 376 
NROWS 439 
XLLCORNER -124.708333333333 
YLLCORNER 28 
CELLSIZE 0.0416666666666649 
NODATA_value -3.4e+38 
[rows 238 to 271 of 439, columns 154 to 230 of 376]
122 126 126 85 101 153 227 234 234 231 222 216 213 207 204 203 206 178 207 275 237 239 229 204 210 177 181 159 154 152 189 241 275 284 284 269 229 228 225 209 205 195 203 211 229 230 229 227 224 219 207 205 199 201 203 190 170 132 112 123 96 76 88 101 116 124 147 164 184 196 202 209 213 211 206 202 203
72 126 131 99 96 172 229 232 229 217 193 189 204 209 198 197 200 227 198 201 230 239 236 217 177 195 160 155 177 163 189 235 266 281 284 280 243 191 211 195 205 215 218 222 230 231 229 223 216 216 211 205 194 205 209 201 188 158 128 135 105 77 73 66 95 105 137 166 179 188 198 208 216 218 220 221 220
118 114 130 88 82 165 223 229 221 204 170 156 178 192 194 192 209 225 179 212 212 231 238 232 204 183 175 157 162 157 154 221 263 280 283 283 265 189 199 198 194 212 219 225 229 231 230 222 198 202 215 206 209 211 210 204 194 179 161 145 116 80 50 86 102 129 148 162 170 172 197 210 217 221 223 226 227
136 129 143 132 94 167 210 225 217 202 168 147 158 153 175 193 212 224 211 192 196 226 235 235 227 204 160 185 152 149 155 214 256 276 282 283 269 183 184 196 191 201 209 218 226 230 227 221 204 196 214 211 211 211 210 205 197 185 163 152 137 104 76 69 93 125 141 139 144 167 191 212 219 222 224 228 230
125 131 144 147 109 121 189 221 222 209 193 161 154 142 158 185 199 218 208 180 195 223 235 241 238 229 187 180 129 158 175 210 254 275 281 281 273 206 177 175 188 194 193 209 219 225 228 227 210 190 203 214 212 212 209 207 203 199 182 171 155 131 132 105 121 117 126 143 157 178 197 210 217 223 226 229 232
132 135 137 140 144 122 184 218 220 195 192 180 175 162 164 181 191 210 199 157 216 218 237 245 248 248 207 179 137 144 160 202 247 270 280 281 276 243 196 158 173 188 184 194 210 215 219 231 220 198 196 208 214 212 210 208 207 205 196 186 174 168 151 138 129 137 137 173 184 194 201 210 217 224 228 230 233
139 140 135 145 160 110 169 221 221 196 200 201 199 198 186 180 185 192 184 151 206 209 233 244 249 250 210 156 158 147 159 204 240 261 277 281 280 259 191 161 164 187 188 192 202 191 214 231 225 204 208 185 203 212 212 210 208 205 201 195 190 184 169 149 151 150 133 171 186 181 204 214 220 224 228 231 232
136 150 155 170 155 112 169 222 234 227 214 208 222 222 200 189 181 177 182 163 191 205 227 239 248 249 227 169 170 144 156 192 227 257 275 280 279 264 210 188 175 195 203 209 202 197 212 232 223 199 220 208 185 204 213 212 210 206 203 200 198 194 186 173 170 159 147 159 192 189 202 211 219 223 227 230 232
136 149 163 181 177 135 141 209 234 236 229 218 231 230 214 199 193 180 183 188 203 193 225 236 244 248 215 202 177 165 193 180 213 250 272 278 279 236 175 184 183 192 205 213 213 206 212 231 234 214 224 220 192 177 209 213 212 210 206 204 202 198 191 185 177 165 154 152 187 195 203 210 217 222 227 229 229
162 177 186 185 177 147 134 179 231 236 224 211 241 251 237 218 207 183 178 190 205 190 214 230 245 249 217 201 180 201 181 195 207 235 258 270 276 273 234 200 193 203 196 203 214 220 223 227 237 230 221 223 202 172 201 211 213 212 210 207 205 201 196 190 182 152 133 142 172 189 201 204 215 220 224 226 223
143 165 183 185 158 130 132 157 205 234 221 221 252 259 256 203 191 198 181 188 203 222 209 215 236 248 231 212 163 190 199 214 221 234 250 263 272 276 270 242 232 231 226 215 204 217 230 229 241 241 230 227 214 185 202 209 209 211 211 208 207 205 201 195 185 168 139 137 169 183 196 197 203 211 218 221 216
155 159 185 177 159 130 147 163 205 240 243 245 252 259 259 209 201 213 193 187 213 194 213 220 215 242 242 188 170 186 184 204 203 220 236 252 263 266 272 271 260 248 234 222 204 207 231 239 243 244 240 232 223 205 213 209 203 206 208 208 209 208 207 197 185 175 152 166 180 169 186 193 202 209 208 207 209
155 176 188 187 166 144 156 177 209 241 250 251 255 256 259 261 210 190 226 213 210 200 224 228 215 206 242 224 201 189 192 204 202 224 243 247 240 229 250 265 271 269 243 222 210 201 228 240 242 243 241 232 210 210 217 210 199 195 197 196 206 213 214 211 203 189 168 177 188 176 185 199 208 205 204 206 199
159 171 204 186 172 173 157 180 196 240 254 257 259 261 262 219 216 250 241 224 230 213 232 233 219 190 219 239 207 198 209 220 227 236 236 228 206 210 225 244 265 272 266 244 235 212 228 231 230 242 240 229 220 220 216 203 174 180 184 191 199 213 216 217 215 203 186 174 191 200 204 210 215 214 211 204 202
162 184 199 186 201 189 160 188 212 242 254 257 259 261 217 219 219 215 201 241 205 224 233 234 230 212 190 228 223 223 225 231 234 228 218 218 206 215 231 234 251 268 271 263 254 247 241 239 238 242 242 226 216 220 211 180 156 163 182 195 204 210 216 218 219 214 202 179 188 208 213 211 214 215 205 207 222
202 214 220 224 220 205 168 167 212 239 254 258 259 261 262 263 219 218 211 212 212 230 233 234 233 220 180 213 233 225 225 226 222 202 212 222 222 228 238 231 240 262 269 268 266 258 245 252 252 252 247 237 228 225 215 188 156 146 176 195 196 195 204 217 220 220 208 179 191 212 218 213 208 210 202 203 222
231 228 225 196 165 189 178 170 204 231 252 256 257 259 261 262 216 219 220 220 223 229 233 233 234 227 202 204 229 216 191 207 210 205 216 218 224 231 224 218 236 260 267 268 269 265 262 263 260 257 253 247 241 233 223 214 189 191 196 199 194 188 187 200 218 220 217 197 186 215 221 214 201 197 185 186 208
231 213 199 194 178 160 175 197 195 231 250 254 255 257 259 261 214 218 221 222 222 227 232 232 232 213 183 186 215 227 211 193 191 183 197 209 212 216 221 227 242 253 257 257 262 266 265 264 260 260 257 253 243 241 233 226 219 214 212 205 204 200 192 181 203 208 205 195 198 217 221 213 187 181 160 173 194
210 222 189 185 183 170 188 201 224 238 247 251 253 255 258 259 211 254 212 215 219 225 228 228 224 187 227 198 218 225 218 207 196 189 193 194 210 221 231 229 226 232 236 239 241 248 248 252 255 260 258 254 249 243 236 228 217 207 209 206 206 206 200 193 183 174 185 204 217 221 217 206 178 173 146 157 182
203 215 201 178 175 195 217 227 235 241 245 248 250 251 250 248 246 247 248 215 222 224 221 219 221 214 212 217 225 227 225 220 214 202 201 205 214 224 228 228 222 212 209 213 211 196 204 219 241 254 259 256 250 241 232 224 213 201 204 199 202 206 201 184 165 159 191 209 219 222 218 207 190 178 148 158 177
197 198 199 201 194 210 228 234 239 242 234 237 241 246 242 243 247 254 213 219 220 219 216 216 219 220 221 219 219 216 215 217 201 181 187 191 196 198 211 210 199 191 193 190 182 170 166 167 211 244 258 259 245 231 219 215 207 199 197 200 204 204 200 177 139 149 185 206 218 223 223 217 202 190 163 165 177
188 209 189 176 196 215 228 234 238 234 212 232 238 238 230 242 245 244 251 257 213 210 212 215 214 211 204 214 211 200 204 208 205 197 193 200 206 197 190 191 194 193 193 201 194 192 182 172 195 235 254 257 251 240 222 208 197 191 187 193 200 201 198 188 176 168 172 192 210 220 223 220 213 202 185 173 171
181 187 176 179 195 215 227 232 236 232 224 219 244 244 243 246 245 234 229 245 250 209 210 204 202 199 236 190 192 188 199 201 204 200 201 203 207 206 206 200 180 187 197 203 205 207 205 206 217 238 256 257 249 238 227 212 193 195 190 186 193 197 197 194 186 162 163 171 195 219 223 221 214 203 189 174 174
185 198 192 189 203 217 232 240 240 237 243 253 256 254 250 245 243 238 242 246 238 206 249 244 238 224 233 193 233 223 189 194 201 205 199 199 201 203 207 206 202 206 207 212 211 213 220 222 234 247 255 254 251 239 223 210 207 210 199 189 190 194 193 192 187 176 164 172 201 216 220 218 211 197 183 171 180
204 203 198 198 218 227 237 246 249 256 258 258 254 248 232 231 231 237 252 253 250 204 242 232 238 227 231 198 200 198 197 193 198 206 202 187 186 200 208 214 218 222 224 226 226 227 229 228 235 252 256 254 255 251 240 229 226 218 207 197 184 189 188 186 183 175 163 187 206 214 214 208 199 180 170 172 182
204 198 207 219 232 233 245 252 256 257 256 251 242 229 229 239 243 247 253 255 255 204 240 231 235 233 229 198 203 204 203 200 201 204 194 200 201 207 210 217 221 213 213 223 228 228 233 234 237 237 246 248 255 254 248 242 236 228 215 199 185 187 185 180 169 167 171 194 204 207 204 196 185 176 176 179 178
183 215 209 209 212 228 250 253 254 251 244 240 235 236 241 243 245 246 250 254 253 250 244 235 237 238 231 200 204 204 205 204 203 197 194 192 206 210 217 221 217 203 226 237 239 235 235 233 231 220 220 235 252 255 252 247 242 235 223 209 195 191 188 177 164 166 180 193 194 186 169 151 164 176 183 186 187
199 200 191 209 222 243 248 250 250 246 242 242 241 243 245 246 246 245 245 250 250 246 243 239 241 244 245 202 203 204 204 201 200 198 187 189 198 206 217 223 223 226 236 241 243 241 229 227 223 218 234 239 253 256 253 250 245 238 228 213 203 195 184 180 178 181 188 190 179 163 158 153 168 181 187 191 194
204 197 186 212 233 243 246 248 248 247 245 243 244 244 246 246 247 247 247 241 239 250 247 243 244 246 243 243 201 197 201 195 237 200 199 197 207 207 212 224 225 228 233 237 239 246 246 235 218 223 243 247 254 257 254 251 247 235 227 218 209 199 187 190 196 200 201 193 173 159 165 170 176 184 191 195 198
196 180 208 231 239 242 244 246 246 245 244 245 245 245 245 246 246 247 248 248 247 250 255 252 250 237 242 202 246 196 242 195 193 205 210 213 222 218 216 218 216 219 225 231 239 247 250 250 242 238 246 244 251 257 256 253 248 231 219 215 208 203 202 208 214 214 207 193 169 167 170 176 182 187 194 198 201
190 211 226 233 238 240 243 244 245 244 244 246 245 246 245 242 243 246 248 250 252 255 257 258 258 254 250 208 204 240 236 235 236 211 222 228 231 230 226 215 210 213 218 229 234 235 243 244 251 247 245 254 256 256 257 254 250 242 216 217 200 197 212 222 225 219 207 184 165 170 171 183 190 193 198 200 201
207 222 232 236 238 240 241 241 242 244 244 245 245 246 245 243 243 246 247 249 252 256 258 259 260 260 215 212 205 238 227 229 236 211 222 228 232 233 232 226 222 224 225 228 236 237 234 237 250 251 253 254 255 256 256 254 250 246 237 220 216 210 220 230 229 218 201 180 177 184 184 195 197 189 200 205 204
219 228 234 237 238 239 238 238 241 242 243 244 244 245 245 244 245 247 247 249 250 253 256 258 259 260 260 213 254 247 244 201 203 201 203 214 228 232 232 232 231 229 231 237 238 235 238 240 246 250 252 252 254 253 249 248 251 249 244 233 230 230 234 236 227 213 192 185 179 196 202 204 202 204 206 212 216
223 228 229 237 238 238 238 239 239 240 242 243 243 244 242 242 243 244 246 247 249 251 253 255 257 256 258 214 212 251 249 209 212 205 242 206 223 229 231 232 233 234 235 235 224 221 230 236 240 247 250 248 245 239 240 234 242 249 247 244 242 240 239 235 223 195 177 206 199 209 211 214 215 215 215 219 221
