data/Layers_WA/bio9.asc
NCOLS 376 
NROWS 439 
XLLCORNER -124.708333333333 
YLLCORNER 28 
CELLSIZE 0.0416666666666649 
NODATA_value -3.4e+38 
[rows 136 to 169 of 439, columns 0 to 76 of 376]
-3.4e+38 -3.4e+38 -3.4e+38 -3.4e+38 -3.4e+38 -3.4e+38 -3.4e+38 -3.4e+38 136 137 140 143 145 147 149 150 152 160 159 164 165 167 159 151 164 156 155 134 155 190 195 179 180 178 189 175 169 179 182 182 179 196 204 206 196 186 185 180 173 167 214 240 244 254 258 259 259 260 259 260 259 258 255 252 246 239 232 219 204 186 170 155 147 146 146 150 152
-3.4e+38 -3.4e+38 -3.4e+38 -3.4e+38 -3.4e+38 -3.4e+38 -3.4e+38 -3.4e+38 135 136 138 142 146 149 152 155 156 158 162 156 155 155 163 153 151 167 161 159 140 176 190 171 158 164 176 192 196 196 192 185 167 169 196 189 186 169 154 163 174 179 191 231 246 251 256 259 260 260 260 261 260 259 257 253 250 237 221 220 201 175 169 167 162 153 147 142 145
-3.4e+38 -3.4e+38 -3.4e+38 -3.4e+38 -3.4e+38 -3.4e+38 -3.4e+38 134 133 133 135 140 145 150 153 157 160 163 161 162 160 168 177 175 163 162 166 162 144 152 182 158 157 156 164 188 194 183 180 177 173 177 192 183 173 163 171 193 211 210 226 243 249 254 258 260 261 260 260 261 260 258 254 251 243 236 223 201 182 176 173 170 164 156 146 138 125
-3.4e+38 -3.4e+38 -3.4e+38 -3.4e+38 -3.4e+38 -3.4e+38 -3.4e+38 134 133 134 137 137 143 148 153 156 159 164 167 170 171 174 179 170 168 165 164 168 168 140 177 183 163 158 161 167 186 189 183 186 168 152 174 179 179 190 188 207 225 241 247 251 252 256 257 258 260 261 261 261 260 259 256 251 241 231 212 196 195 188 179 171 162 153 138 121 108
-3.4e+38 -3.4e+38 -3.4e+38 -3.4e+38 -3.4e+38 -3.4e+38 -3.4e+38 132 132 135 138 140 142 143 147 155 161 167 169 170 167 168 175 159 166 166 150 147 174 167 162 174 154 158 166 174 175 186 182 176 160 155 173 190 204 217 220 227 240 246 249 253 253 255 256 256 258 259 261 262 261 259 255 249 247 248 242 236 225 204 189 175 160 150 132 116 128
-3.4e+38 -3.4e+38 -3.4e+38 -3.4e+38 -3.4e+38 -3.4e+38 -3.4e+38 134 133 131 133 137 137 141 144 148 154 162 171 172 169 174 178 173 156 154 164 151 168 166 167 174 165 170 179 176 165 154 168 176 170 177 182 203 205 221 236 237 242 247 250 253 255 257 258 258 259 260 261 262 261 259 257 256 253 249 244 239 231 215 185 162 152 146 137 137 144
-3.4e+38 -3.4e+38 -3.4e+38 -3.4e+38 -3.4e+38 -3.4e+38 -3.4e+38 -3.4e+38 137 139 141 140 141 139 139 149 161 165 170 176 175 163 170 180 178 170 156 143 149 165 173 160 152 178 167 163 155 145 163 166 177 192 194 207 222 233 235 241 243 245 250 252 254 256 257 258 260 261 261 260 261 260 260 258 253 243 233 235 224 212 198 182 163 152 149 150 151
-3.4e+38 -3.4e+38 -3.4e+38 -3.4e+38 -3.4e+38 -3.4e+38 -3.4e+38 -3.4e+38 138 141 143 145 144 144 145 149 159 153 168 175 174 183 186 184 182 184 160 137 141 155 168 174 171 149 171 179 172 152 157 157 176 188 200 196 209 228 232 238 242 244 246 250 253 256 257 257 258 259 258 261 261 260 258 256 251 245 239 232 218 206 192 176 157 143 147 155 152
-3.4e+38 -3.4e+38 -3.4e+38 -3.4e+38 -3.4e+38 -3.4e+38 -3.4e+38 -3.4e+38 137 134 136 146 149 150 149 147 154 156 162 174 181 183 178 192 188 188 179 160 141 149 168 165 172 170 137 158 178 170 171 155 148 162 187 180 196 219 229 237 238 244 249 251 253 255 255 256 257 258 259 261 261 257 253 249 245 239 234 227 218 212 197 180 164 150 145 160 151
-3.4e+38 -3.4e+38 -3.4e+38 -3.4e+38 -3.4e+38 -3.4e+38 -3.4e+38 -3.4e+38 138 137 139 142 146 153 156 158 159 154 165 174 180 187 183 185 190 200 198 187 163 150 165 179 175 180 169 162 164 169 175 167 154 147 161 159 182 204 225 235 241 242 246 249 252 252 254 256 258 259 261 261 261 259 254 253 250 247 242 236 233 219 193 180 171 171 165 155 155
-3.4e+38 -3.4e+38 -3.4e+38 -3.4e+38 -3.4e+38 -3.4e+38 -3.4e+38 -3.4e+38 -3.4e+38 -3.4e+38 141 140 137 142 150 158 162 162 160 174 174 178 188 175 173 198 201 193 190 170 167 185 186 177 180 178 167 157 171 163 141 125 129 147 170 201 218 227 236 239 243 248 250 252 254 256 258 259 261 262 262 261 257 252 249 245 240 230 219 219 212 204 198 186 169 167 169
-3.4e+38 -3.4e+38 -3.4e+38 -3.4e+38 -3.4e+38 -3.4e+38 -3.4e+38 -3.4e+38 -3.4e+38 -3.4e+38 -3.4e+38 148 146 142 139 153 162 166 167 171 183 187 182 171 170 183 200 185 173 171 175 187 192 182 172 177 173 158 154 149 145 139 162 164 158 157 193 224 233 238 242 246 250 253 254 256 257 259 260 261 261 260 259 254 248 243 238 232 234 224 211 196 184 192 179 171 153
-3.4e+38 -3.4e+38 -3.4e+38 -3.4e+38 -3.4e+38 -3.4e+38 -3.4e+38 -3.4e+38 -3.4e+38 -3.4e+38 -3.4e+38 -3.4e+38 -3.4e+38 151 150 149 159 165 169 177 178 189 184 174 164 185 191 200 198 192 183 184 187 189 171 168 164 152 145 138 142 137 149 164 181 182 189 200 225 232 241 246 250 252 254 254 256 257 259 259 259 259 258 257 251 247 244 241 236 225 215 203 211 198 177 171 162
-3.4e+38 -3.4e+38 -3.4e+38 -3.4e+38 -3.4e+38 -3.4e+38 -3.4e+38 -3.4e+38 -3.4e+38 -3.4e+38 -3.4e+38 -3.4e+38 -3.4e+38 -3.4e+38 -3.4e+38 155 152 164 167 170 179 187 189 189 180 177 188 190 200 192 170 179 185 189 184 173 157 154 148 147 132 129 146 142 144 158 163 166 204 233 240 244 247 250 252 253 255 256 257 257 257 257 257 256 253 249 246 241 237 228 227 215 206 190 178 165 160
-3.4e+38 -3.4e+38 -3.4e+38 -3.4e+38 -3.4e+38 -3.4e+38 -3.4e+38 -3.4e+38 -3.4e+38 -3.4e+38 -3.4e+38 -3.4e+38 -3.4e+38 -3.4e+38 -3.4e+38 159 153 158 166 169 176 177 183 174 180 176 183 185 198 196 167 172 180 190 198 178 167 147 163 150 140 128 129 136 121 143 150 165 193 224 239 245 247 249 250 252 253 255 256 256 256 256 255 254 253 251 247 241 238 232 217 192 195 199 179 172 160
-3.4e+38 -3.4e+38 -3.4e+38 -3.4e+38 -3.4e+38 -3.4e+38 -3.4e+38 -3.4e+38 -3.4e+38 -3.4e+38 -3.4e+38 -3.4e+38 -3.4e+38 -3.4e+38 -3.4e+38 -3.4e+38 160 160 162 170 174 180 178 176 175 169 172 181 175 189 194 184 197 191 190 190 162 149 167 174 156 133 132 155 156 164 146 153 188 219 238 244 246 247 249 251 252 253 253 254 254 254 253 253 252 251 249 243 239 230 218 202 201 201 191 176 169
-3.4e+38 -3.4e+38 -3.4e+38 -3.4e+38 -3.4e+38 -3.4e+38 -3.4e+38 -3.4e+38 -3.4e+38 -3.4e+38 -3.4e+38 -3.4e+38 -3.4e+38 -3.4e+38 -3.4e+38 -3.4e+38 -3.4e+38 168 163 167 168 174 180 176 166 166 164 166 185 191 195 198 200 183 181 175 173 155 138 149 183 172 148 163 178 153 141 144 186 214 238 243 246 248 249 250 251 251 251 252 252 252 252 252 251 250 249 246 240 236 229 210 211 202 205 183 182
-3.4e+38 -3.4e+38 -3.4e+38 -3.4e+38 -3.4e+38 -3.4e+38 -3.4e+38 -3.4e+38 -3.4e+38 -3.4e+38 -3.4e+38 -3.4e+38 -3.4e+38 -3.4e+38 -3.4e+38 -3.4e+38 -3.4e+38 -3.4e+38 169 167 170 170 175 175 161 158 161 164 176 191 193 171 176 179 180 179 174 177 166 168 192 163 142 162 182 168 174 174 184 214 240 244 245 247 247 248 249 250 250 250 251 250 250 250 249 249 248 247 244 239 234 225 229 210 206 198 194
-3.4e+38 -3.4e+38 -3.4e+38 -3.4e+38 -3.4e+38 -3.4e+38 -3.4e+38 -3.4e+38 -3.4e+38 -3.4e+38 -3.4e+38 -3.4e+38 -3.4e+38 -3.4e+38 -3.4e+38 -3.4e+38 -3.4e+38 -3.4e+38 -3.4e+38 166 170 173 170 176 172 167 175 165 160 171 196 187 167 186 196 199 201 204 184 199 172 142 141 161 175 177 185 195 212 236 241 243 242 245 246 247 247 248 248 248 248 249 248 248 248 247 246 246 245 243 239 236 230 230 212 212 202
-3.4e+38 -3.4e+38 -3.4e+38 -3.4e+38 -3.4e+38 -3.4e+38 -3.4e+38 -3.4e+38 -3.4e+38 -3.4e+38 -3.4e+38 -3.4e+38 -3.4e+38 -3.4e+38 -3.4e+38 -3.4e+38 -3.4e+38 -3.4e+38 -3.4e+38 -3.4e+38 169 168 169 170 172 172 172 176 169 161 184 194 171 186 205 209 209 210 202 205 188 174 155 175 182 178 162 169 186 221 239 244 244 244 245 246 246 246 247 247 247 246 246 247 246 246 245 245 244 243 241 239 235 237 222 217 206
-3.4e+38 -3.4e+38 -3.4e+38 -3.4e+38 -3.4e+38 -3.4e+38 -3.4e+38 -3.4e+38 -3.4e+38 -3.4e+38 -3.4e+38 -3.4e+38 -3.4e+38 -3.4e+38 -3.4e+38 -3.4e+38 -3.4e+38 -3.4e+38 -3.4e+38 -3.4e+38 169 166 165 167 165 171 168 177 176 174 183 194 182 179 203 209 209 207 187 174 192 193 166 146 165 193 202 200 176 200 227 242 243 243 243 244 245 245 245 245 245 245 245 245 244 244 243 243 242 242 242 241 240 240 230 227 220
-3.4e+38 -3.4e+38 -3.4e+38 -3.4e+38 -3.4e+38 -3.4e+38 -3.4e+38 -3.4e+38 -3.4e+38 -3.4e+38 -3.4e+38 -3.4e+38 -3.4e+38 -3.4e+38 -3.4e+38 -3.4e+38 -3.4e+38 -3.4e+38 -3.4e+38 -3.4e+38 -3.4e+38 165 165 164 165 169 162 168 181 178 171 183 193 187 193 205 205 202 193 172 154 169 191 146 134 153 189 216 206 202 219 239 240 241 243 243 243 243 244 243 243 243 243 243 243 243 242 242 241 241 242 241 241 239 236 235 227
-3.4e+38 -3.4e+38 -3.4e+38 -3.4e+38 -3.4e+38 -3.4e+38 -3.4e+38 -3.4e+38 -3.4e+38 -3.4e+38 -3.4e+38 -3.4e+38 -3.4e+38 -3.4e+38 -3.4e+38 -3.4e+38 -3.4e+38 -3.4e+38 -3.4e+38 -3.4e+38 -3.4e+38 163 163 163 163 167 159 158 177 178 172 177 192 186 198 196 199 206 205 187 172 146 177 167 140 148 170 205 216 221 228 241 242 242 241 242 242 242 242 242 242 242 242 242 242 242 241 241 240 240 241 242 243 242 242 240 235
-3.4e+38 -3.4e+38 -3.4e+38 -3.4e+38 -3.4e+38 -3.4e+38 -3.4e+38 -3.4e+38 -3.4e+38 -3.4e+38 -3.4e+38 -3.4e+38 -3.4e+38 -3.4e+38 -3.4e+38 -3.4e+38 -3.4e+38 -3.4e+38 -3.4e+38 -3.4e+38 -3.4e+38 -3.4e+38 160 163 165 165 167 163 173 178 176 175 187 179 168 178 190 201 201 187 173 147 162 176 150 151 170 179 196 215 233 241 241 240 241 241 240 240 240 241 241 241 241 241 241 241 241 241 240 240 242 243 244 245 245 241 237
-3.4e+38 -3.4e+38 -3.4e+38 -3.4e+38 -3.4e+38 -3.4e+38 -3.4e+38 -3.4e+38 -3.4e+38 -3.4e+38 -3.4e+38 -3.4e+38 -3.4e+38 -3.4e+38 -3.4e+38 -3.4e+38 -3.4e+38 -3.4e+38 -3.4e+38 -3.4e+38 -3.4e+38 -3.4e+38 156 160 163 167 168 170 169 173 178 184 187 191 177 167 186 193 207 199 174 140 135 157 176 158 159 163 189 209 235 240 239 240 240 239 239 239 239 239 239 239 240 240 241 241 241 241 241 242 242 244 245 246 245 238 236
-3.4e+38 -3.4e+38 -3.4e+38 -3.4e+38 -3.4e+38 -3.4e+38 -3.4e+38 -3.4e+38 -3.4e+38 -3.4e+38 -3.4e+38 -3.4e+38 -3.4e+38 -3.4e+38 -3.4e+38 -3.4e+38 -3.4e+38 -3.4e+38 -3.4e+38 -3.4e+38 -3.4e+38 -3.4e+38 153 156 161 165 168 170 166 169 177 181 180 181 189 179 172 170 182 195 196 163 146 168 175 165 180 178 180 203 233 239 238 238 239 239 238 237 237 238 239 239 239 240 240 240 240 241 242 242 243 244 246 247 246 242 241
-3.4e+38 -3.4e+38 -3.4e+38 -3.4e+38 -3.4e+38 -3.4e+38 -3.4e+38 -3.4e+38 -3.4e+38 -3.4e+38 -3.4e+38 -3.4e+38 -3.4e+38 -3.4e+38 -3.4e+38 -3.4e+38 -3.4e+38 -3.4e+38 -3.4e+38 -3.4e+38 -3.4e+38 -3.4e+38 148 152 158 162 166 168 166 168 172 178 176 181 188 194 190 181 149 158 178 166 141 167 190 186 167 162 165 191 227 236 237 236 237 237 237 235 236 237 238 238 239 239 240 240 240 241 242 243 244 245 246 247 248 249 247
-3.4e+38 -3.4e+38 -3.4e+38 -3.4e+38 -3.4e+38 -3.4e+38 -3.4e+38 -3.4e+38 -3.4e+38 -3.4e+38 -3.4e+38 -3.4e+38 -3.4e+38 -3.4e+38 -3.4e+38 -3.4e+38 -3.4e+38 -3.4e+38 -3.4e+38 -3.4e+38 -3.4e+38 143 146 150 155 160 164 168 171 173 170 176 181 180 186 194 192 195 181 151 173 199 186 185 196 182 168 156 192 208 217 232 236 233 235 236 236 235 236 237 237 238 238 239 239 240 241 241 242 243 244 245 247 248 249 249 248
-3.4e+38 -3.4e+38 -3.4e+38 -3.4e+38 -3.4e+38 -3.4e+38 -3.4e+38 -3.4e+38 -3.4e+38 -3.4e+38 -3.4e+38 -3.4e+38 -3.4e+38 -3.4e+38 -3.4e+38 -3.4e+38 -3.4e+38 -3.4e+38 -3.4e+38 -3.4e+38 -3.4e+38 142 144 149 154 158 162 167 172 175 175 175 181 184 185 191 191 197 178 166 189 205 211 200 201 173 156 164 162 207 224 232 234 231 232 236 236 236 236 236 237 238 238 239 239 240 241 241 243 243 245 246 247 248 249 249 248
-3.4e+38 -3.4e+38 -3.4e+38 -3.4e+38 -3.4e+38 -3.4e+38 -3.4e+38 -3.4e+38 -3.4e+38 -3.4e+38 -3.4e+38 -3.4e+38 -3.4e+38 -3.4e+38 -3.4e+38 -3.4e+38 -3.4e+38 -3.4e+38 -3.4e+38 -3.4e+38 -3.4e+38 141 144 148 152 157 160 164 167 171 172 174 180 184 182 186 191 195 196 189 195 201 208 207 194 158 139 152 191 210 220 232 232 230 230 235 236 236 236 236 237 238 238 239 240 239 241 242 243 243 245 246 247 248 249 249 248
-3.4e+38 -3.4e+38 -3.4e+38 -3.4e+38 -3.4e+38 -3.4e+38 -3.4e+38 -3.4e+38 -3.4e+38 -3.4e+38 -3.4e+38 -3.4e+38 -3.4e+38 -3.4e+38 -3.4e+38 -3.4e+38 -3.4e+38 -3.4e+38 -3.4e+38 -3.4e+38 -3.4e+38 140 144 148 151 156 160 164 168 170 171 173 176 181 179 193 196 207 207 193 187 185 199 206 203 184 160 157 199 220 224 228 231 229 230 235 235 236 236 236 237 238 238 239 239 240 241 242 243 244 245 246 247 248 248 249 249
-3.4e+38 -3.4e+38 -3.4e+38 -3.4e+38 -3.4e+38 -3.4e+38 -3.4e+38 -3.4e+38 -3.4e+38 -3.4e+38 -3.4e+38 -3.4e+38 -3.4e+38 -3.4e+38 -3.4e+38 -3.4e+38 -3.4e+38 -3.4e+38 -3.4e+38 -3.4e+38 -3.4e+38 142 143 147 150 155 160 164 168 171 174 174 177 184 180 199 199 205 215 205 189 177 182 195 205 195 176 169 188 199 200 219 230 229 229 232 236 236 236 237 238 238 238 238 239 240 241 242 243 244 245 246 247 248 248 249 249
-3.4e+38 -3.4e+38 -3.4e+38 -3.4e+38 -3.4e+38 -3.4e+38 -3.4e+38 -3.4e+38 -3.4e+38 -3.4e+38 -3.4e+38 -3.4e+38 -3.4e+38 -3.4e+38 -3.4e+38 -3.4e+38 -3.4e+38 -3.4e+38 -3.4e+38 -3.4e+38 -3.4e+38 141 143 146 150 154 159 162 167 170 172 176 175 182 193 202 206 201 213 214 197 200 195 187 190 198 184 158 179 202 213 215 226 229 223 231 234 236 236 237 237 238 238 238 239 240 241 241 242 243 244 246 247 247 249 248 248
-3.4e+38 -3.4e+38 -3.4e+38 -3.4e+38 -3.4e+38 -3.4e+38 -3.4e+38 -3.4e+38 -3.4e+38 -3.4e+38 -3.4e+38 -3.4e+38 -3.4e+38 -3.4e+38 -3.4e+38 -3.4e+38 -3.4e+38 -3.4e+38 -3.4e+38 -3.4e+38 -3.4e+38 -3.4e+38 143 145 149 153 157 161 166 170 174 176 176 179 189 201 207 203 204 204 199 192 208 198 184 187 204 198 177 193 203 204 219 226 225 230 233 236 237 237 237 238 238 238 239 240 241 242 240 238 241 245 247 247 248 248 249
